21 26 50 60 1 25
13 36 35 44 28 25
8 46 29 1 47 31
46 52 7 45 28 55
8 12 14 10 53 48
48 5 19 1 56 38
59 38 46 36 20 35
3 48 20 27 40 6
9 7 57 49 19 24
41 33 25 8 11 58
31 57 1 7 47 30
59 26 4 56 5 29
57 48 31 28 4 19
2 10 29 59 22 21
35 58 60 29 12 34
13 15 4 26 9 54
24 39 45 35 51 29
50 3 43 19 23 52
41 42 29 34 15 13
42 53 55 52 56 33
35 40 6 55 21 17
59 21 31 16 47 49
27 2 56 50 42 30
10 19 22 6 31 21
30 46 26 6 38 33
26 41 36 39 50 48
23 30 20 11 26 31
1 56 51 14 28 19
59 13 31 45 56 52
47 49 43 36 39 35
60 27 31 42 51 38
59 50 19 38 25 14
52 24 17 8 19 2
57 24 19 47 30 31
11 28 32 58 29 24
42 3 20 47 6 15
49 12 42 41 35 19
16 10 46 15 33 1
12 33 40 58 47 24
30 55 57 58 16 12
3 24 28 41 40 13
14 35 15 50 5 30
57 46 49 44 36 42
6 29 36 31 27 15
21 26 19 37 15 49
29 55 35 6 20 27
44 19 54 1 30 50
33 3 19 5 20 60
44 57 22 15 32 9
24 40 7 15 16 35
52 57 37 4 14 55
49 37 16 52 3 7
48 13 36 9 26 47
54 46 11 2 42 19
40 6 41 11 16 50
40 44 54 34 6 9
6 11 10 24 32 42
9 21 28 23 11 13
23 39 30 3 31 6
58 21 13 19 2 40
17 56 15 19 16 25
4 41 32 58 9 54
30 54 48 6 13 11
34 22 9 25 4 18
26 38 8 29 4 36
38 31 57 34 23 47
17 26 5 53 58 22
32 52 35 34 42 40
14 55 42 28 16 27
37 51 6 54 31 22
35 53 18 6 28 23
3 6 39 29 58 19
33 34 46 1 19 11
40 47 35 17 60 33
45 31 37 38 54 9
17 37 33 48 16 51
33 40 12 36 30 19
53 45 35 42 39 27
31 21 2 36 51 15
21 4 47 11 3 2
50 42 47 27 53 36
5 17 51 12 42 53
29 57 56 54 4 22
59 51 12 30 14 5
42 28 20 4 54 7
55 33 5 48 24 25
23 44 31 50 35 55
11 19 12 8 43 42
37 42 13 56 32 7
11 8 1 43 22 45
15 51 12 39 19 43
47 2 37 18 57 3
37 51 31 13 34 27
3 43 29 30 12 16
53 26 57 9 48 23
9 15 43 27 16 10
24 43 59 16 37 36
29 44 46 37 45 24
35 15 31 38 27 19
23 31 58 25 11 46
33 10 17 34 26 59
52 26 48 56 30 10
16 42 50 19 47 60
6 43 21 35 52 36
17 8 52 42 46 26
40 54 57 1 10 51
46 2 56 41 49 43
29 23 36 38 6 35
27 10 31 25 30 20
20 22 10 48 40 24
45 26 46 14 52 22
19 25 41 23 59 26
42 58 15 10 33 28
47 28 59 7 54 60
37 4 33 8 30 38
48 26 15 8 42 21
34 4 6 12 2 27
32 46 11 35 40 14
44 18 46 19 29 16
43 46 35 36 39 18
10 42 1 13 40 18
4 32 3 57 33 10
50 13 58 4 35 37
4 7 6 15 31 56
32 37 7 53 47 1
9 26 41 21 3 42
42 26 5 11 23 37
3 2 49 30 1 47
26 23 49 41 55 56
52 54 3 24 8 35
50 5 14 52 28 30
57 3 24 25 20 17
7 35 36 53 52 15
3 41 6 2 27 26
26 33 18 50 11 3
5 58 10 20 35 8
15 23 6 35 33 5
4 44 9 16 40 57
57 40 18 33 16 41
59 11 34 57 19 26
5 3 33 24 19 11
28 16 39 43 14 26
35 23 38 57 60 37
43 49 48 38 14 50
43 56 24 9 39 3
1 31 47 4 22 35
50 29 7 1 18 10
59 11 54 33 53 39
51 7 38 25 39 37
13 38 9 22 48 16
51 48 50 58 11 25
59 39 22 48 46 31
3 1 12 11 55 53
10 42 58 22 35 33
58 4 14 3 2 7
58 12 46 1 24 55
33 20 13 25 59 10
25 5 49 54 41 3
43 44 26 9 59 31
17 23 29 57 14 48
28 16 15 9 59 12
9 24 56 5 54 30
21 15 47 20 46 12
22 18 17 32 56 5
5 18 60 14 27 7
56 41 34 49 6 23
21 39 26 30 29 16
40 26 45 55 27 42
25 54 3 24 21 38
52 58 39 43 16 22
46 4 53 21 18 52
28 15 55 9 36 24
38 22 39 7 1 48
60 53 27 48 51 13
2 43 42 59 38 14
19 18 20 35 23 28
10 60 54 3 38 14
43 34 27 33 14 10
16 45 12 9 54 25
59 35 52 42 19 40
26 58 35 59 6 53
51 40 44 1 32 8
40 4 56 59 33 16
47 52 10 35 4 20
32 1 58 55 14 27
2 58 47 24 11 31
38 8 55 7 50 34
26 8 49 28 16 11
39 20 33 54 12 50
48 3 4 46 44 5
9 43 53 12 37 8
32 18 4 24 55 26
33 10 9 43 55 28
18 7 57 60 9 56
11 43 50 18 1 32
9 1 16 30 60 54
56 13 38 14 6 45
21 43 36 52 58 31
47 13 2 37 50 29
25 35 40 57 30 54
8 28 16 2 30 11
27 55 36 24 30 33
47 20 22 33 60 7
8 11 32 42 36 44
53 36 43 47 44 2
16 12 22 29 47 26
35 29 19 17 56 41
42 2 56 28 54 35
7 14 28 12 27 37
56 18 46 22 37 26
5 46 24 42 22 41
3 5 47 17 50 59
51 1 14 34 57 24
37 47 39 11 30 34
1 28 24 25 55 44
48 55 43 8 46 45
34 32 55 52 53 28
56 43 10 53 40 15
46 3 37 27 51 16
10 38 6 54 15 20
5 13 40 15 19 3
13 9 19 7 12 25
34 38 57 39 47 37
57 7 25 24 37 46
60 18 3 13 20 31
5 35 36 8 51 10
3 38 11 52 5 43
21 56 33 2 31 47
41 49 6 47 39 12
26 46 31 8 33 53
39 38 18 30 5 12
36 44 60 15 38 41
23 3 12 40 59 4
16 31 53 23 12 7
44 37 52 5 31 17
32 55 18 9 50 6
34 48 38 30 45 11
18 12 47 60 30 34
32 54 51 31 40 11
39 58 41 47 42 8
44 5 33 24 30 58
1 24 4 35 10 31
2 16 24 53 46 12
35 41 2 29 53 24
3 47 40 39 8 57
57 27 25 13 33 34
37 14 30 31 59 25
43 55 15 54 26 32
9 37 56 46 30 4
56 6 4 55 22 19
34 54 49 30 5 10
23 37 5 1 28 59
12 49 24 25 46 22
25 42 44 53 35 3
10 29 6 33 45 54
32 36 8 37 10 58
12 9 50 24 44 35
29 53 19 13 14 28
46 37 31 43 50 48
40 7 55 50 12 18
45 5 34 55 46 56
26 28 49 54 3 23
29 38 37 14 28 21
53 56 42 6 50 12
60 37 33 29 38 42
17 42 25 13 34 16
20 1 56 27 28 12
8 52 22 11 57 21
45 47 40 33 8 44
46 3 59 34 25 22
50 35 59 8 49 12
38 40 4 8 48 10
7 2 53 25 14 48
16 34 40 25 10 23
57 14 41 38 43 40
59 7 60 42 46 4
25 24 35 19 50 32
56 21 60 41 13 10
41 34 7 11 27 45
21 29 34 32 43 10
53 34 42 51 31 33
59 21 41 16 40 25
12 5 14 21 57 40
17 24 10 9 37 21
22 50 56 14 25 7
17 24 14 4 36 20
21 36 17 26 58 41
38 42 25 24 13 8
43 57 17 14 60 15
28 54 10 5 50 33
6 40 11 52 16 26
33 5 12 55 44 1
8 31 12 38 41 14
25 20 60 15 58 43
52 34 25 21 30 39
6 30 23 47 31 29
37 46 50 60 42 55
26 14 2 21 17 50
37 16 52 11 39 26
12 53 41 45 43 58
14 21 52 47 37 18
27 40 9 41 34 4
15 53 12 40 39 8
55 47 46 41 56 31
3 8 57 5 52 37
53 12 55 43 14 38
31 28 36 39 56 18
46 33 19 49 1 8
39 52 42 20 16 43
27 38 5 9 18 40
32 60 29 9 45 55
36 40 59 39 3 8
33 2 43 9 20 17
44 54 45 20 57 43
2 9 20 44 35 58
3 40 38 48 42 60
11 8 25 45 27 22
13 50 55 34 27 21
23 14 47 49 37 15
40 41 27 25 19 15
59 36 42 51 14 28
36 56 9 23 48 25
2 48 47 5 16 43
59 60 43 58 42 14
18 4 50 32 8 16
21 28 22 31 48 41
6 31 32 46 5 33
12 20 49 9 47 25
22 54 46 53 13 21
60 7 1 24 13 45
51 17 10 25 52 58
45 27 9 32 23 19
51 2 15 14 6 44
13 42 58 30 8 52
1 27 3 2 54 60
4 50 49 30 20 33
1 13 46 56 29 30
32 25 48 33 21 57
43 40 30 8 19 16
33 58 46 53 55 34
3 33 19 37 21 14
18 17 35 15 55 47
38 3 31 55 24 5
49 40 8 35 51 22
57 33 15 41 20 22
8 28 45 15 14 52
16 3 41 2 21 31
17 39 50 47 58 18
30 1 54 28 9 44
12 23 29 39 4 1
24 4 15 38 59 51
14 28 57 60 1 13
31 25 55 34 8 14
29 4 37 46 54 21
18 28 17 46 42 19
51 49 46 11 39 3
4 44 18 28 48 20
9 17 49 34 47 51
2 56 50 54 7 28
34 11 15 48 57 35
20 33 47 34 19 44
27 58 21 56 36 42
17 58 31 47 8 44
35 25 37 18 32 7
4 20 32 33 26 37
52 36 48 10 44 6
14 44 46 1 7 36
28 60 3 53 34 55
9 8 49 32 56 6
41 56 38 11 44 18
44 5 51 7 11 55
26 58 10 49 13 27
48 55 16 28 45 24
46 44 40 33 57 41
43 41 19 26 35 11
28 4 20 22 35 30
57 19 33 4 38 13
32 51 5 1 24 52
6 25 33 38 5 26
17 8 53 43 39 11
30 59 49 35 11 36
20 9 22 60 33 30
42 9 20 46 59 47
22 11 9 44 6 2
37 8 19 21 11 16
58 4 26 19 24 38
37 58 14 38 6 50
40 33 14 58 29 8
36 4 46 32 59 57
17 47 37 46 45 16
15 23 35 57 19 41
40 37 30 28 5 52
45 48 54 36 59 29
57 46 21 2 35 26
24 42 23 2 13 26
29 14 19 8 10 13
25 9 30 43 41 19
20 23 37 24 44 3
46 49 9 33 6 2
55 16 25 7 46 3
8 49 2 37 32 42
41 34 12 3 39 48
21 24 2 11 30 34
8 14 6 9 41 3
25 55 4 46 20 41
26 6 30 21 49 42
31 55 52 4 40 35
24 56 22 43 42 5
32 15 36 21 44 41
2 50 59 9 28 14
23 42 19 16 18 58
25 14 20 24 40 29
42 45 19 7 57 58
40 3 10 14 4 49
31 58 14 42 33 28
38 53 7 18 6 1
9 39 41 11 30 1
49 1 17 10 3 9
48 23 38 57 51 30
35 5 28 8 16 51
28 60 48 6 37 42
54 51 22 36 2 21
8 19 10 25 28 37
53 38 43 44 40 2
39 49 53 46 9 24
51 11 35 17 1 9
7 9 30 56 58 28
16 51 53 10 3 6
43 33 14 21 49 12
53 24 19 52 20 43
32 11 35 30 31 27
28 24 59 27 52 46
50 24 14 9 12 37
55 39 4 57 54 42
24 12 3 23 19 8
24 43 27 30 46 45
22 60 33 10 14 29
50 46 23 16 19 25
32 19 56 12 43 27
60 40 12 5 3 15
24 29 27 45 49 5
8 27 38 55 46 20
24 49 52 40 43 22
40 1 39 13 48 58
33 23 6 54 2 41
30 3 17 49 10 14
2 10 6 15 27 54
23 48 26 41 7 39
22 1 37 27 58 17
23 38 30 56 39 31
4 36 51 42 9 32
6 42 28 11 4 10
52 47 58 19 34 9
14 19 38 10 25 52
52 17 48 43 8 30
53 37 21 39 10 8
56 30 43 10 12 19
44 41 5 51 19 6
30 53 51 45 20 31
47 26 29 39 16 48
21 27 37 29 59 46
29 5 35 41 13 6
28 55 50 16 20 47
6 53 39 55 32 33
44 8 32 23 36 50
56 25 11 16 48 43
30 31 57 35 55 32
46 41 4 52 60 13
5 30 20 36 25 26
57 28 15 8 22 42
6 45 50 30 44 39
29 30 42 19 49 33
49 47 9 25 7 38
27 51 54 36 22 57
15 5 53 1 37 51
4 30 57 16 10 46
43 53 23 49 24 39
43 18 36 49 59 48
18 42 57 16 54 28
22 53 17 35 28 48
5 37 60 30 41 23
9 32 40 2 23 57
23 57 15 42 59 8
18 13 25 30 40 1
6 1 41 59 8 60
14 59 1 4 58 48
33 52 34 16 47 23
7 41 13 40 58 2
5 19 44 59 21 47
13 59 31 60 33 56
23 40 31 56 1 29
49 28 7 42 23 54
35 7 25 23 3 12
59 29 34 42 33 40
21 28 50 53 7 51
48 43 34 21 37 36
6 38 9 8 12 13
24 46 14 2 20 52
47 8 49 60 58 11
50 23 36 19 41 4
50 55 16 17 35 48
15 4 25 23 10 55
28 1 14 52 34 23
17 23 5 11 58 59
25 35 28 17 3 43
49 43 58 31 24 13
59 60 24 44 17 55
31 37 33 13 26 55
60 2 21 20 59 28
2 1 20 31 26 56
52 58 3 40 24 15
3 19 20 9 59 36
12 23 40 39 49 30
40 53 16 55 48 5
31 27 41 6 18 35
23 3 28 39 14 58
17 32 55 29 44 19
59 18 30 32 47 34
19 37 55 7 6 29
19 32 12 6 33 17
60 51 13 9 16 49
53 20 12 46 36 24
46 60 22 26 9 50
13 40 59 4 60 42
50 53 2 42 46 19
34 7 58 47 26 28
2 48 45 28 30 47
59 49 7 6 25 47
21 24 44 23 18 53
45 19 12 31 4 53
58 57 13 5 9 56
3 26 19 53 39 46
15 20 4 11 57 60
24 7 27 41 52 23
46 47 30 6 21 56
53 57 19 9 14 45
50 37 7 18 35 2
43 31 44 27 25 54
54 20 25 58 57 60
11 26 23 18 40 42
60 22 6 33 54 27
22 21 4 28 8 10
56 5 1 18 32 60
18 35 56 50 34 1
33 17 27 19 14 48
57 14 24 21 52 23
28 44 12 18 21 23
49 35 22 23 44 9
9 34 46 14 35 7
53 7 12 11 18 50
22 17 35 46 14 37
24 34 10 22 19 55
51 55 58 60 1 11
33 1 17 43 53 14
35 52 41 37 56 46
23 34 53 22 52 51
47 8 35 24 22 60
29 19 60 56 54 18
39 55 1 27 25 40
37 1 45 19 59 54
3 22 44 49 51 39
30 7 14 50 4 60
11 1 49 23 35 52
13 53 44 42 49 11
48 21 28 51 31 30
6 11 50 41 9 42
29 6 3 24 27 45
41 21 36 26 58 44
20 33 54 10 16 8
25 37 50 59 13 11
40 45 34 27 23 56
26 22 13 50 38 31
14 44 18 21 56 54
1 44 29 19 55 4
27 9 41 5 21 7
2 35 3 19 38 9
17 58 59 7 39 26
56 28 2 39 3 31
56 57 12 1 15 24
44 6 42 29 58 5
42 33 59 15 2 19
4 19 26 48 57 53
57 42 18 32 47 17
57 36 28 18 17 48
30 32 29 52 23 19
33 52 9 4 48 42
1 56 40 46 43 33
21 39 34 33 46 11
44 28 18 36 43 48
52 57 11 17 23 25
5 26 49 27 53 60
51 1 60 44 37 43
47 11 37 30 1 50
6 30 26 21 31 2
32 51 17 43 53 57
36 9 30 19 41 16
12 58 33 59 29 15
5 23 17 18 12 34
34 35 5 58 6 7
49 60 18 10 9 50
42 58 55 41 22 8
19 35 59 55 41 33
56 50 59 8 17 4
1 4 33 7 19 21
18 43 20 41 56 14
22 18 10 33 29 24
38 49 39 33 32 56
14 1 40 31 56 52
17 6 35 44 27 20
34 8 20 46 32 39
45 47 29 12 24 31
21 13 28 1 9 11
35 53 22 44 1 2
57 39 58 33 1 21
15 37 21 55 57 25
18 40 41 10 47 32
30 18 23 14 57 53
25 23 52 44 36 29
38 6 11 20 30 8
30 26 43 25 57 29
52 3 16 20 43 15
22 24 60 46 5 33
33 17 57 4 55 27
1 34 17 31 28 32
21 13 46 53 31 39
34 44 3 1 42 51
12 33 15 5 36 6
47 36 3 39 34 26
1 55 51 46 15 24
32 10 9 8 40 24
19 36 2 60 1 31
52 12 16 51 54 36
32 41 33 35 45 27
29 35 31 27 55 20
47 22 11 51 31 2
6 40 52 10 9 56
7 4 33 42 13 22
47 16 3 26 43 41
13 30 28 46 50 54
7 47 55 5 1 3
11 18 10 34 33 41
3 13 14 2 48 23
30 26 42 59 6 2
39 12 49 42 23 41
1 25 31 24 19 60
6 26 48 54 43 11
29 48 4 22 39 55
23 37 25 28 52 42
40 22 53 36 18 7
53 9 45 41 57 44
50 47 3 33 48 39
17 1 37 34 9 45
57 16 29 18 55 25
12 30 50 7 45 16
60 10 55 23 31 17
30 57 36 59 1 17
59 32 49 55 8 30
48 27 7 11 14 50
5 24 6 53 17 52
5 35 19 10 48 16
52 10 36 43 60 38
20 9 60 18 48 56
25 40 18 24 2 46
50 40 54 34 16 52
23 40 26 44 55 53
18 42 47 37 31 14
27 32 9 30 48 60
49 22 39 17 27 20
30 42 11 58 18 36
15 46 29 47 39 7
3 15 52 16 58 53
16 19 20 33 12 9
10 12 31 50 26 15
8 32 58 56 27 24
44 13 53 7 54 2
40 7 5 49 8 33
58 29 19 20 46 10
52 34 25 59 45 24
1 11 51 36 47 33
1 30 42 47 58 12
60 7 2 42 41 4
30 6 60 20 36 45
21 48 10 32 7 49
42 16 13 3 5 29
35 54 10 9 59 42
17 4 9 2 58 25
20 45 14 58 40 52
17 13 37 45 1 35
54 47 4 35 38 41
52 57 60 50 24 55
19 34 44 2 10 7
47 14 26 29 54 8
21 6 26 32 17 43
9 20 24 56 47 15
45 25 9 19 1 34
46 60 1 50 21 3
16 59 30 51 21 39
37 15 40 5 21 53
32 7 10 26 58 21
22 27 31 53 21 57
29 13 19 6 7 51
32 12 49 57 2 26
20 27 14 19 2 25
9 28 47 27 4 20
58 45 25 59 13 12
23 29 36 8 35 58
57 5 22 11 9 19
16 58 35 52 4 43
35 43 20 36 19 47
26 22 43 55 57 36
7 1 10 37 2 48
50 40 53 22 33 49
22 10 42 57 17 55
45 33 44 30 11 39
42 20 58 13 17 22
48 7 13 4 8 12
42 7 26 31 12 18
29 25 50 6 59 42
3 46 50 8 25 12
8 4 20 7 19 40
7 45 47 42 10 4
12 34 20 32 33 56
48 10 59 50 30 41
2 26 54 46 60 28
60 16 1 23 6 29
49 32 38 12 53 22
60 19 13 48 5 55
46 13 38 14 34 3
59 22 27 30 37 55
40 20 10 19 31 11
6 35 26 42 37 1
30 36 58 51 24 38
56 19 58 42 43 49
13 8 33 43 38 27
50 6 10 4 58 56
31 43 19 2 11 34
49 15 42 23 58 53
13 2 9 47 5 16
50 16 4 3 53 6
47 22 38 27 4 26
49 27 38 5 12 40
44 1 60 24 53 33
56 13 59 45 6 16
8 49 54 3 12 26
33 27 2 55 18 26
22 37 44 57 6 14
34 29 32 52 55 7
35 36 14 1 15 60
56 15 5 53 39 60
4 30 49 26 13 12
42 18 37 25 9 45
39 43 46 16 45 57
14 31 9 18 40 48
13 4 43 1 20 26
28 51 17 29 12 19
34 38 24 33 50 16
11 10 35 43 45 57
15 45 52 4 6 26
46 10 13 35 21 11
20 12 6 39 57 55
7 58 24 4 23 41
4 25 51 34 40 22
27 2 6 58 15 21
26 55 30 22 29 4
7 56 27 20 23 13
56 1 2 26 32 40
6 13 28 44 34 29
49 50 55 35 29 59
34 33 13 23 6 45
15 29 1 22 5 12
31 34 49 23 30 22
43 35 20 10 40 37
5 15 58 38 17 55
17 56 53 12 8 33
26 51 34 24 1 20
44 46 58 21 5 42
47 46 21 57 19 5
24 45 42 49 38 22
48 28 10 20 1 32
60 6 17 30 34 2
27 1 38 13 55 6
59 31 26 7 28 23
19 25 57 60 27 9
41 18 26 22 53 42
48 10 12 14 17 41
30 47 50 29 48 51
24 14 39 56 21 1
18 51 30 20 43 57
29 15 45 38 8 39
22 3 56 35 1 49
27 37 47 26 43 50
24 59 42 16 8 43
19 37 10 42 24 12
20 6 56 28 53 32
1 30 4 24 57 32
58 11 45 57 20 44
31 30 4 45 52 49
56 15 33 30 46 10
13 55 2 28 12 26
46 3 60 8 58 23
29 53 56 48 6 4
17 22 45 4 24 26
53 2 33 49 36 28
60 13 25 59 6 50
11 34 5 51 1 46
3 54 11 4 31 36
57 53 14 6 16 41
32 35 58 27 26 5
1 34 58 43 12 2
15 29 28 26 22 46
30 27 41 34 47 20
23 18 36 3 45 49
59 10 28 2 54 55
19 8 48 21 14 54
11 38 30 8 1 29
60 1 53 17 11 43
36 22 7 14 33 46
57 5 41 37 48 42
60 50 53 22 46 18
17 49 44 9 60 56
9 43 50 46 57 26
30 16 38 27 52 43
13 33 34 23 48 58
49 34 41 5 38 22
35 10 19 56 59 18
33 47 18 38 10 22
29 27 50 37 22 46
45 33 22 25 27 40
10 51 8 29 49 59
3 53 38 23 7 18
2 17 38 4 32 21
23 6 45 12 15 17
24 48 16 21 52 11
6 60 11 51 7 29
14 5 48 47 12 37
26 44 56 14 60 38
46 47 20 52 55 38
5 31 50 2 51 12
46 12 33 14 30 17
38 14 30 49 11 59
11 19 21 18 46 38
24 14 13 10 11 41
52 15 56 12 46 4
19 59 3 1 54 6
38 3 9 31 28 60
10 1 4 36 26 9
40 21 10 42 48 2
26 10 43 20 21 7
5 32 7 53 59 9
53 4 12 27 29 56
57 16 18 58 15 46
48 49 20 27 14 53
47 20 6 3 1 57
17 6 13 35 42 55
31 2 51 27 47 6
37 23 57 31 15 41
55 18 46 11 12 20
17 5 43 18 60 32
28 18 59 39 47 16
7 21 43 40 33 46
18 43 23 49 48 14
39 7 24 22 58 53
31 44 12 16 5 11
48 52 42 37 24 18
45 5 28 9 51 42
39 29 47 14 31 11
57 31 30 60 48 45
33 35 2 60 3 37
49 28 37 7 40 32
10 25 33 1 35 24
15 29 33 16 42 39
42 21 43 16 32 29
47 35 14 27 5 42
50 25 33 46 8 6
34 21 35 12 24 39
54 19 16 33 4 12
55 15 49 11 45 38
24 52 9 43 59 2
33 36 52 43 41 15
54 38 4 34 49 9
27 57 11 18 25 12
10 56 8 25 33 45
34 16 5 44 51 52
53 13 48 9 7 44
38 2 45 21 16 4
47 16 34 19 2 13
40 28 48 30 43 52
20 10 48 31 26 32
29 51 38 11 13 35
9 58 51 52 2 41
21 17 5 26 31 51
36 28 41 33 39 7
23 9 29 20 13 12
22 1 17 29 4 58
54 18 3 30 20 11
33 19 23 12 56 6
16 56 4 22 41 23
16 28 21 29 47 54
42 47 38 31 35 39
52 40 22 42 12 57
4 36 11 1 16 19
49 34 13 7 40 45
42 35 11 25 58 51
28 29 15 25 46 4
11 49 43 50 22 54
47 27 48 12 31 36
46 51 6 57 56 41
29 37 5 1 46 52
30 49 46 37 53 1
42 36 43 13 8 57
5 59 50 17 25 55
18 45 49 46 54 16
55 47 39 36 3 14
15 10 4 57 29 48
51 14 43 25 38 18
19 42 49 31 8 32
46 8 5 45 19 39
17 2 57 9 43 31
38 5 41 21 46 28
21 58 31 19 44 9
43 16 55 54 44 37
6 18 20 13 46 19
9 8 29 32 49 51
17 55 10 12 42 39
41 19 43 57 16 2
53 46 36 38 44 20
29 54 41 12 59 32
43 40 25 60 21 55
2 59 57 34 7 40
59 26 54 1 18 56
18 46 11 1 41 29
59 52 56 28 27 39
57 48 54 33 53 4
46 15 55 10 20 58
38 48 43 50 42 57
7 16 23 2 9 8
30 25 1 57 9 50
48 3 46 57 43 7
40 29 54 3 14 44
53 20 36 23 35 13
1 7 53 34 45 56
34 10 27 43 4 9
23 24 39 35 37 18
10 1 34 49 2 9
25 2 47 3 54 39
30 11 2 29 3 42
55 44 23 28 9 49
32 16 36 11 51 30
15 30 10 1 26 44
15 28 31 57 2 49
12 9 21 10 46 34
13 53 26 12 9 47
26 13 17 40 39 19
56 20 58 48 50 37
4 55 26 56 50 39
51 22 34 18 10 2
59 20 22 33 30 40
9 49 50 30 36 40
56 44 48 27 4 22
1 40 58 37 39 59
22 19 1 40 57 58
39 49 7 33 16 28
38 39 35 37 12 40
43 52 17 6 51 34
27 29 50 49 9 8
5 32 15 2 25 7
55 4 17 16 3 28
58 34 59 42 17 60
22 3 14 15 25 50
57 37 24 56 32 33
12 51 23 41 38 49
56 60 27 38 40 10
27 15 10 17 16 55
21 20 39 42 51 53
15 22 53 35 27 13
24 32 45 6 50 44
49 3 34 30 59 13
40 17 11 55 1 41
12 30 57 39 26 58
15 25 43 50 46 11
11 53 33 1 57 36
37 9 14 15 26 30
56 11 28 20 38 18
29 22 38 57 39 28
52 53 6 5 29 39
56 17 8 52 3 22
35 58 11 27 19 25
10 13 51 9 6 37
3 22 42 50 51 10
52 29 30 17 23 51
37 45 5 25 3 9
48 31 1 17 38 26
47 22 6 40 32 36
11 15 8 17 29 26
39 59 8 27 38 21
46 23 5 21 19 34
56 58 42 1 16 27
19 21 59 49 56 36
4 42 30 2 38 31
53 30 32 21 19 38
21 33 51 3 38 14
4 41 27 46 8 51
26 9 3 15 42 47
60 33 58 36 31 20
21 10 32 28 50 5
60 49 22 14 25 23
36 12 45 54 25 50
28 12 41 20 9 27
43 58 3 46 20 59
38 56 59 5 1 6
52 45 27 59 49 11
39 55 30 44 59 29
59 7 19 34 48 16
55 3 24 27 46 4
25 18 38 47 49 17
6 16 25 19 58 59
37 55 51 2 17 43
21 14 4 32 20 45
2 6 35 58 29 39
55 37 56 12 8 32
56 37 42 51 35 53
56 34 30 43 24 52
12 16 23 18 39 8
45 35 42 43 1 30
49 5 42 17 30 36
27 1 15 22 10 47
26 48 14 29 12 55
11 22 3 39 6 57
13 34 19 24 42 51
6 48 57 3 44 23
18 20 15 2 47 32
60 39 28 37 53 20
17 30 57 8 26 36
18 23 6 60 11 21
42 43 35 13 3 51
26 33 44 35 19 13
49 38 14 57 47 25
49 47 12 54 36 57
16 13 8 9 5 19
37 59 41 38 16 51
24 59 58 39 60 31
12 55 2 58 52 6
24 20 35 13 36 42
31 22 1 47 42 53
13 19 36 31 20 26
20 9 35 41 6 1
45 50 7 37 25 38
17 39 48 13 30 56
24 26 3 4 36 42
4 55 5 27 47 59
50 36 37 35 55 9
35 42 59 2 34 30
18 32 5 44 43 7
12 33 35 38 45 4
39 44 40 49 45 34
33 51 21 44 38 19
42 16 27 5 8 26
6 25 21 30 22 59
6 15 14 45 54 22
14 26 1 33 52 24
24 22 17 38 1 8
47 35 12 34 29 31
46 40 34 26 51 36
5 51 55 53 49 2
24 16 18 57 2 56
32 60 23 39 33 50
51 16 13 50 58 3
35 30 9 36 32 16
23 19 18 35 47 29
33 47 16 27 15 17
45 53 12 56 13 33
9 56 5 8 41 59
36 39 41 19 3 47
38 9 23 20 14 59
44 57 23 11 39 3
49 33 8 26 36 57
40 27 19 33 24 38
54 31 16 40 21 55
30 24 13 33 34 42
18 46 49 16 19 24
17 23 53 59 26 40
12 3 27 53 50 35
49 4 50 45 13 7
42 29 44 19 11 41
24 15 45 4 20 51
36 24 23 21 52 11
37 40 9 46 12 50
60 52 59 5 16 51
15 6 1 20 38 58
17 15 25 54 60 12
20 30 56 2 44 42
23 28 49 1 16 42
50 26 19 11 56 43
23 14 16 11 51 6
51 59 11 33 36 40
23 41 50 19 14 52
27 17 44 53 35 40
8 38 14 43 11 9
56 39 2 8 20 37
11 19 8 27 31 41
1 42 7 49 16 6
28 57 10 16 14 13
54 28 35 39 60 15
59 40 6 56 20 16
57 30 46 16 43 31
8 56 60 39 19 2
26 15 7 37 55 4
52 28 14 49 5 16
5 16 32 57 45 42
27 47 25 3 30 23
22 2 33 25 17 53
4 12 36 37 2 5
10 57 45 19 31 3
42 56 21 57 35 14
28 55 20 4 56 36
12 25 26 33 16 1
52 28 58 37 43 18
2 27 58 57 33 4
35 49 57 40 30 18
38 24 11 17 23 55
41 6 55 4 9 39
58 29 42 28 44 13
33 32 38 42 2 60
20 5 11 37 56 17
53 8 1 58 47 36
38 9 18 21 25 52
46 12 33 51 57 55
44 7 40 51 25 13
51 27 40 7 45 36
47 37 14 45 25 57
14 55 44 12 11 18
28 40 57 25 24 53
12 16 13 46 9 59
43 37 42 31 9 16
20 52 3 19 59 7
25 45 60 18 19 36
17 45 3 15 23 5
48 58 30 51 32 17
35 51 8 16 43 45
30 1 7 55 26 54
32 60 12 5 43 33
31 47 42 36 12 28
6 8 34 18 49 7
12 7 30 47 10 1
23 25 38 56 29 58
20 4 24 33 22 47
56 26 49 8 51 13
35 60 4 46 25 19
13 28 2 58 41 57
54 35 37 1 17 26
55 14 28 37 12 5
49 12 55 56 39 10
9 8 2 18 60 6
37 26 30 55 13 32
48 60 45 46 49 57
13 37 11 43 2 9
18 7 13 44 25 9
38 3 21 9 11 31
3 13 55 52 11 27
5 51 52 16 44 59
25 48 59 51 38 34
27 1 60 58 59 44
34 25 24 38 8 56
48 55 4 1 57 11
3 57 29 20 13 46
51 19 13 60 54 24
51 10 30 19 47 52
8 30 26 54 49 1
25 14 3 13 27 17
29 52 20 41 51 60
12 43 11 4 19 27
28 46 22 30 44 42
38 51 29 19 59 53
58 35 32 18 50 19
32 30 18 48 49 44
26 9 25 8 36 35
51 3 40 53 23 19
1 26 2 29 38 42
56 60 37 12 30 2
42 30 53 38 32 7
5 60 10 53 36 15
4 32 21 55 9 38
45 4 11 3 55 60
19 38 10 35 31 46
49 4 60 12 55 36
8 24 4 1 12 34
33 14 27 53 10 19
1 55 21 56 25 36
7 18 59 21 56 30
18 9 26 51 5 12
47 44 14 33 11 17
40 59 6 55 2 42
26 8 22 2 39 35
13 33 60 43 20 31
37 31 25 38 7 46
5 16 22 56 51 59
43 30 16 37 21 57
56 3 26 34 60 2
5 23 32 24 49 42
37 44 47 41 34 35
11 20 51 53 48 49
34 33 30 57 21 7
28 60 25 9 40 46
37 1 57 58 41 14
7 44 9 35 40 25
40 28 22 34 51 38
56 55 40 1 50 20
53 52 2 42 34 40
2 7 32 10 30 12
55 10 52 35 1 44
51 45 53 19 41 47
60 28 13 23 43 34
7 32 55 33 54 23
33 49 1 43 35 5
4 20 14 48 39 35
21 60 53 13 28 25
40 14 13 16 41 42
15 9 59 55 52 47
53 54 35 37 18 24
48 39 54 7 43 47
3 59 36 30 4 23
11 40 33 19 21 45
8 27 48 10 22 20
39 60 59 32 36 33
6 31 11 45 60 29
31 13 33 47 57 38
16 14 33 8 7 15
56 36 54 57 2 34
17 13 37 46 55 3
8 9 52 10 58 25
1 20 14 16 12 59
7 18 19 26 2 4
33 42 22 19 7 15
36 38 52 37 3 40
28 36 34 10 24 15
54 20 40 16 57 18
53 19 3 42 4 24
31 13 59 35 60 21
52 32 44 12 45 49
54 52 11 20 45 5
15 24 1 31 29 52
55 58 59 32 21 38
34 11 14 27 45 18
23 22 45 12 24 34
2 34 15 37 44 7
16 35 28 33 4 2
55 58 42 45 44 21
56 6 39 43 34 15
32 45 1 59 21 29
9 27 7 15 24 46
40 53 10 43 47 4
48 39 13 54 37 57
52 37 25 58 1 26
32 18 33 8 49 3
52 43 53 50 32 12
10 52 40 14 45 26
29 5 30 52 54 23
54 28 1 52 47 6
18 4 31 56 45 34
31 44 13 53 3 28
34 29 44 48 57 45
13 22 3 7 30 15
21 23 40 17 46 29
2 5 58 24 6 39
47 8 48 29 43 25
8 9 35 19 43 28
53 3 24 25 44 6
41 38 46 51 54 15
49 31 19 2 22 53
4 20 7 17 2 5
14 27 50 25 32 35
36 18 47 4 58 17
26 2 30 44 40 37
20 40 24 56 14 22
3 5 4 9 48 11
44 13 26 34 40 31
37 50 12 5 39 58
28 24 40 6 51 41
7 28 50 23 42 53
19 1 39 35 34 31
31 35 3 9 46 17
9 29 14 4 35 44
26 45 32 11 56 52
52 41 7 42 20 43
55 23 15 33 21 20
21 57 6 3 24 50
6 16 46 26 10 31
42 33 58 56 43 13
24 13 21 60 12 56
9 36 47 49 54 3
26 42 54 59 57 56
27 38 32 3 60 10
52 41 42 60 47 21
32 34 1 23 52 57
60 27 22 28 9 32
42 36 55 44 59 47
54 33 46 23 32 50
47 20 38 18 11 60
30 59 3 11 8 19
56 42 30 40 44 25
5 45 14 8 31 54
15 14 24 12 27 13
44 4 11 60 33 27
32 38 1 41 21 11
40 18 7 16 4 59
44 19 32 25 26 37
55 49 5 54 35 60
29 53 13 43 40 47
60 34 18 9 37 52
43 16 21 20 49 7
41 25 52 20 5 10
15 27 52 21 9 24
47 36 20 37 32 26
29 53 35 33 19 32
10 36 42 6 44 47
38 59 37 60 2 16
27 56 51 22 39 14
19 49 25 56 29 44
18 17 51 58 21 2
43 45 4 31 6 9
7 28 14 15 13 34
18 13 21 32 27 31
49 23 28 57 12 13
53 22 6 35 25 43
3 59 6 50 34 30
2 9 13 33 41 20
24 55 53 27 58 35
45 9 13 50 52 6
44 13 16 21 6 3
47 6 15 48 49 31
19 56 55 31 5 57
34 39 59 60 55 17
40 6 30 49 4 55
37 52 7 11 46 10
18 47 55 7 10 17
9 45 55 49 7 14
24 26 56 21 31 27
1 15 27 44 10 39
39 34 48 17 6 55
41 54 13 31 5 26
60 49 40 36 4 41
15 18 32 23 19 29
32 44 26 27 25 47
10 13 5 1 4 54
27 33 14 23 53 19
31 9 48 26 52 19
9 55 52 39 48 35
59 34 18 35 16 26
12 44 2 23 25 59
50 27 29 38 43 25
6 17 26 43 58 54
55 56 34 29 31 9
53 60 44 24 26 51
51 55 59 18 16 37
39 38 5 12 44 35
59 9 2 21 13 60
55 53 43 33 60 52
36 24 28 6 27 3
24 13 14 43 1 8
36 25 20 7 54 27
32 19 44 43 29 59
29 1 33 10 9 8
6 23 58 25 30 37
10 9 39 48 38 33
41 15 53 60 19 8
13 14 42 52 22 25
55 18 42 1 8 52
18 13 48 59 41 42
45 29 14 28 25 22
53 12 21 60 37 51
24 9 43 16 38 55
47 53 33 8 35 14
33 7 18 15 29 2
18 32 46 38 10 2
55 2 23 27 1 42
48 34 55 12 43 27
59 20 12 5 42 35
42 17 49 26 25 28
32 45 30 49 60 33
28 51 43 20 9 39
42 38 46 14 49 29
30 9 53 34 27 48
52 32 23 49 6 38
41 20 3 7 4 51
2 16 44 13 42 1
18 34 27 17 38 41
9 23 21 50 14 56
29 42 7 20 26 35
2 44 45 24 51 58
49 21 29 10 39 40
32 34 35 33 13 38
8 55 22 38 45 54
34 30 42 27 56 10
8 24 15 39 57 47
7 13 35 10 52 55
39 1 2 57 56 30
4 33 15 25 11 54
14 51 48 12 8 3
7 42 11 29 37 9
37 20 32 48 11 9
42 28 17 34 2 60
9 6 33 2 14 21
3 31 12 46 47 15
57 13 47 56 54 35
3 33 6 16 22 29
37 24 48 47 50 58
30 45 9 17 51 39
37 49 12 35 23 10
57 33 28 37 6 23
14 45 46 12 27 13
3 45 43 26 34 59
31 46 38 40 18 14
5 9 42 24 47 7
49 35 5 56 18 40
36 5 16 43 13 50
46 2 5 28 13 23
9 26 53 13 24 50
60 4 38 37 5 11
8 20 49 9 44 10
43 13 15 25 49 23
53 8 54 20 36 33
60 47 44 57 23 7
2 4 50 34 7 25
46 48 24 43 37 42
13 11 44 17 37 12
48 13 56 33 46 5
33 11 48 2 3 24
4 46 58 27 13 56
54 20 8 3 29 32
15 8 6 45 30 44
33 30 44 41 34 23
53 7 28 44 29 41
12 59 42 23 49 30
45 22 29 25 9 48
6 23 43 11 42 59
37 17 43 24 1 52
29 51 8 37 45 30
22 28 32 60 2 43
10 60 38 46 42 29
31 38 23 27 24 29
8 36 7 1 57 10
54 7 51 27 16 60
7 8 50 45 28 59
59 39 60 35 34 5
43 37 16 11 49 15
17 43 50 55 29 22
46 44 32 36 57 31
41 19 6 24 2 10
14 44 21 16 17 54
14 59 51 24 50 10
28 30 16 4 45 26
46 53 31 35 21 50
2 15 4 42 32 43
59 60 46 37 10 21
31 13 36 11 27 32
33 30 5 25 22 55
8 32 41 24 50 22
44 39 21 25 29 5
28 20 12 43 17 13
18 53 23 9 33 14
51 29 34 60 50 52
22 32 16 43 33 28
36 53 49 21 20 11
20 17 46 6 30 1
43 29 54 28 9 55
4 37 9 6 18 2
3 47 5 23 30 8
2 41 8 33 45 57
44 20 15 58 36 21
33 51 40 6 25 28
56 6 45 29 41 25
10 48 29 19 20 43
20 49 15 42 21 41
8 19 51 21 39 33
18 35 51 59 55 52
14 38 52 56 51 1
24 44 6 5 55 60
60 36 16 12 13 45
17 10 44 32 28 6
47 37 23 33 32 36
34 9 51 40 48 55
38 55 24 35 34 8
14 37 15 30 53 51
27 34 25 56 22 45
11 24 37 55 16 45
1 51 18 43 23 38
55 11 29 13 57 3
2 6 33 47 15 40
6 4 40 3 1 5
8 5 26 58 22 18
41 22 13 25 1 52
48 29 25 43 27 51
8 49 31 26 5 41
31 32 53 28 27 6
13 41 27 12 50 9
59 9 17 60 31 40
40 51 12 14 13 54
47 34 56 9 2 49
37 16 1 13 49 55
6 20 10 42 11 60
59 34 56 9 57 53
55 59 17 35 57 1
7 60 46 18 40 39
8 12 5 52 1 27
36 18 50 9 43 32
26 36 28 27 24 39
5 34 2 54 50 9
1 5 14 13 19 23
49 48 3 41 11 47
30 50 16 32 35 51
20 14 7 41 43 53
56 12 36 28 30 52
45 33 22 52 60 14
7 13 39 14 36 29
14 34 29 53 23 56
43 39 33 15 37 25
21 39 45 28 36 15
7 24 19 21 52 38
19 52 47 13 2 54
4 10 41 13 18 12
40 55 47 4 10 41
45 34 15 9 6 8
4 53 3 5 14 7
13 43 30 18 32 28
48 42 24 19 49 3
15 30 46 24 23 43
33 19 43 53 7 23
36 56 44 24 35 39
4 50 20 39 41 26
56 46 34 17 9 33
46 36 47 50 57 40
52 14 42 39 9 30
41 46 2 45 30 36
21 41 44 43 54 45
17 21 41 9 5 24
31 15 44 6 40 48
2 24 42 25 44 57
4 6 48 27 50 36
38 27 13 59 5 49
45 43 7 32 39 16
47 29 55 11 26 20
11 5 38 15 54 17
57 4 23 51 5 6
15 31 10 27 38 8
58 23 12 18 59 13
25 39 5 41 43 9
44 5 21 31 23 51
31 14 52 27 18 19
7 16 58 51 44 37
16 29 28 60 17 8
32 21 39 49 28 51
32 13 39 19 7 17
18 42 9 30 19 4
21 24 25 46 54 11
3 8 18 44 60 2
3 31 56 45 57 18
48 38 28 9 26 42
35 48 4 51 30 22
7 10 47 4 50 36
18 1 17 43 26 37
7 34 48 57 9 46
12 50 43 16 46 27
9 49 60 25 53 19
60 49 8 6 10 11
29 13 44 47 37 16
25 18 42 29 21 10
28 51 3 46 34 13
56 9 45 60 58 24
42 32 30 54 43 12
30 41 60 56 53 43
25 59 55 3 22 42
43 27 48 20 52 57
49 43 26 18 42 17
52 56 43 24 6 9
55 35 33 56 2 23
47 21 10 26 16 58
1 42 15 30 19 38
4 39 21 25 1 27
44 46 39 38 26 37
4 23 5 33 60 25
24 42 43 13 36 31
28 41 16 24 43 34
1 43 57 18 12 6
19 31 26 34 39 56
44 4 17 59 32 42
15 13 6 33 49 11
35 8 5 34 21 28
49 33 38 34 45 51
35 18 42 40 37 49
52 18 38 20 45 7
30 27 19 52 35 38
47 11 43 17 38 15
4 22 1 20 24 30
16 30 3 39 12 55
29 60 10 41 1 57
53 17 26 28 43 47
56 35 13 25 52 26
54 3 59 52 29 15
52 11 22 20 19 51
24 38 32 37 9 8
4 36 42 15 60 18
30 24 26 4 51 17
58 10 40 15 45 21
48 42 24 39 17 58
36 30 40 45 9 8
3 38 13 8 11 12
47 56 29 22 2 4
24 42 48 8 21 36
49 58 50 37 26 54
38 48 22 34 58 45
60 3 59 49 14 18
50 42 7 1 48 58
55 22 3 56 32 4
6 25 22 11 12 20
38 45 20 35 14 49
31 12 45 43 58 44
37 35 22 9 48 2
25 13 58 46 36 50
32 15 59 6 5 49
15 51 23 26 54 40
54 42 25 19 30 41
45 29 10 32 49 4
10 13 25 47 1 53
26 28 35 29 18 39
47 45 16 19 48 5
4 36 21 41 40 37
15 56 23 60 53 31
30 49 41 20 23 9
27 50 49 52 46 47
26 46 19 47 4 45
60 5 22 18 51 10
56 5 55 36 47 21
56 15 26 57 29 12
58 41 29 4 37 25
4 46 8 43 13 30
37 23 12 7 5 28
30 55 13 18 21 31
11 16 2 58 22 18
45 11 10 8 28 3
53 10 36 30 41 1
40 36 12 44 29 13
16 27 45 20 51 23
24 54 1 40 47 34
52 56 1 58 17 47
27 15 48 50 60 47
24 21 23 53 30 20
31 15 43 28 52 36
7 28 29 23 13 9
28 46 25 12 27 15
40 3 31 33 24 57
7 13 60 51 54 29
43 53 25 37 14 26
55 34 43 33 26 32
8 54 22 57 24 20
36 5 12 15 40 26
28 7 19 33 52 3
22 53 48 40 21 31
36 39 17 4 1 55
50 9 55 40 13 28
53 52 38 13 8 49
14 39 24 36 18 37
44 27 35 13 58 43
7 21 59 31 11 34
32 4 10 48 13 7
17 22 26 2 12 23
24 11 27 55 43 19
15 24 6 7 42 18
55 26 35 34 53 8
49 15 48 22 26 34
3 17 52 35 13 33
1 48 19 5 37 33
1 19 41 20 38 11
19 47 2 36 30 18
27 48 15 12 49 46
50 7 1 57 33 9
25 36 6 37 3 32
20 6 56 14 35 16
6 40 21 3 25 2
53 9 26 38 4 58
42 14 50 13 17 22
15 23 35 28 30 2
26 29 56 57 47 7
53 48 8 19 14 54
53 23 3 30 47 55
60 55 2 41 9 16
21 35 7 4 17 59
13 37 29 6 20 8
44 6 20 40 11 43
4 46 31 20 18 42
42 3 56 50 47 46
29 25 18 40 13 19
57 14 7 26 59 38
42 57 25 23 36 24
53 8 31 17 51 32
25 7 14 44 33 51
24 51 30 26 56 34
3 7 14 43 22 57
2 59 39 3 42 50
47 27 37 23 51 45
58 55 28 36 6 31
31 17 44 52 8 3
7 59 55 3 37 57
11 26 52 27 29 9
43 3 2 27 37 49
8 30 25 21 60 20
29 48 11 34 25 37
44 17 5 10 56 12
6 16 31 9 36 33
39 11 38 24 23 27
32 37 23 54 16 40
43 42 22 54 23 39
14 24 10 23 31 60
54 10 60 20 6 3
1 35 14 19 34 38
45 14 39 25 23 19
55 45 10 1 3 53
15 27 57 36 2 14
38 34 11 35 20 58
40 13 10 45 3 31
34 56 35 13 3 38
56 18 9 17 46 51
8 41 7 12 10 54
26 60 21 50 3 52
19 48 1 52 28 5
49 44 42 47 9 8
32 33 60 2 27 22
28 3 54 19 46 52
19 6 52 58 1 12
35 19 26 23 49 40
60 19 38 21 44 43
24 36 29 51 48 41
35 14 21 3 58 41
42 44 36 15 43 19
12 47 21 39 33 32
51 31 5 8 54 27
32 19 34 10 8 28
44 55 9 47 34 53
3 51 44 45 54 40
26 51 16 38 46 34
17 1 52 39 45 57
34 6 23 1 27 2
8 33 41 11 57 9
34 43 46 51 29 20
37 32 58 54 16 60
59 56 57 24 37 22
35 3 26 8 47 12
16 50 31 28 36 18
8 55 29 45 51 19
19 9 41 26 3 32
6 3 15 36 42 20
13 40 52 33 46 56
3 60 6 22 50 18
18 57 9 36 47 33
38 34 23 35 13 5
52 15 37 48 14 17
15 3 35 40 11 48
9 10 29 55 8 45
16 26 35 22 47 51
11 48 5 3 38 12
45 24 41 36 47 54
22 28 39 24 52 31
53 57 8 6 32 60
15 56 29 46 7 52
39 25 40 46 15 36
6 10 43 23 18 44
45 13 34 16 37 9
54 29 17 6 19 12
35 25 15 45 19 46
15 8 2 57 29 13
19 11 32 12 40 24
3 13 42 43 7 2
15 40 45 43 24 14
5 25 11 36 17 23
59 3 29 32 49 31
12 35 14 56 17 52
53 1 12 47 34 22
33 50 30 44 17 1
4 23 14 60 16 34
3 56 32 16 29 21
9 34 4 1 12 13
29 42 30 23 27 35
32 48 36 60 6 47
29 44 41 23 10 24
2 21 3 53 4 34
55 20 17 23 26 28
32 3 48 1 49 57
39 26 9 46 23 31
13 31 50 11 45 25
43 14 50 25 45 2
6 51 24 58 39 52
29 39 58 22 47 3
15 43 40 52 10 28
56 33 4 23 19 24
31 51 29 27 48 45
33 14 15 43 2 29
14 55 31 7 15 3
15 51 32 28 16 58
3 22 20 42 25 32
20 52 45 18 28 4
49 42 21 48 20 33
3 47 36 17 20 51
47 31 17 60 51 10
34 2 24 15 46 20
57 34 46 1 11 22
21 18 17 35 51 42
23 8 12 56 48 6
16 6 12 4 39 52
44 58 51 50 49 54
14 26 53 22 2 52
39 8 54 35 49 32
26 59 22 44 60 51
58 7 2 24 59 50
9 52 16 20 47 28
31 19 28 43 8 21
33 3 60 49 13 45
18 50 11 26 55 8
21 49 23 27 34 38
42 40 18 4 45 55
40 7 9 3 28 41
17 41 10 59 22 26
51 9 45 29 14 52
1 29 4 53 51 22
22 15 23 26 7 39
53 3 29 15 55 37
50 20 44 17 51 15
31 6 13 42 55 21
32 12 36 5 57 35
25 30 49 26 41 36
39 53 55 8 27 17
1 52 49 34 35 26
16 50 14 2 41 12
47 58 40 49 20 25
22 54 7 42 14 21
3 45 30 60 36 21
25 44 43 16 36 21
33 59 20 16 58 43
15 37 43 39 28 19
46 39 12 57 17 22
35 7 42 29 16 37
8 42 48 11 9 54
36 45 10 46 24 54
12 13 60 56 46 37
60 34 50 41 3 19
14 33 28 20 50 60
29 32 52 25 31 14
52 35 37 48 38 58
33 34 14 38 9 27
57 12 41 23 15 1
45 25 14 15 49 28
21 3 11 39 30 38
23 33 25 55 32 8
54 12 37 40 47 22
42 46 49 44 12 50
26 28 36 54 37 40
18 5 22 7 28 50
10 39 16 36 56 1
7 38 47 36 57 46
35 19 6 50 41 17
30 12 53 20 59 10
53 7 32 59 49 20
32 43 4 2 48 52
5 12 50 20 21 15
37 16 17 28 55 22
21 14 10 17 47 53
9 43 16 15 54 4
27 3 6 17 11 38
2 30 31 60 33 34
17 60 56 39 1 13
57 48 52 44 43 20
53 47 40 31 58 1
56 47 43 30 14 52
3 5 43 22 58 18
4 34 21 9 32 13
9 39 22 56 50 28
21 38 45 26 53 39
52 7 6 43 56 51
35 60 53 52 45 22
59 33 13 55 51 3
51 15 28 48 8 12
15 41 43 27 35 31
7 12 3 16 50 8
25 27 18 55 2 21
18 28 23 35 33 3
25 27 37 28 24 15
43 35 49 57 15 36
60 25 7 42 50 48
56 46 32 43 14 20
57 25 60 53 49 21
11 35 49 51 40 10
9 23 2 56 32 42
31 39 46 59 52 28
57 38 52 41 40 4
16 13 42 60 28 58
1 28 57 23 13 52
33 8 3 27 4 24
48 35 17 1 42 13
10 38 31 47 48 51
10 20 54 12 3 47
55 28 34 57 47 37
14 20 55 37 24 6
39 22 59 28 7 17
34 35 45 26 17 19
29 28 30 17 35 52
19 29 26 6 39 45
45 21 26 46 6 40
36 52 44 10 5 27
54 7 49 6 57 22
58 4 12 19 30 44
15 24 38 51 16 58
15 30 11 5 7 20
32 24 10 52 19 16
4 10 48 30 50 59
3 49 59 44 42 56
18 56 14 50 11 36
25 53 14 18 15 59
24 28 59 17 25 41
56 32 3 45 1 13
43 11 14 37 5 3
15 16 37 58 31 3
58 56 26 48 36 27
12 40 3 52 11 34
53 34 31 27 4 14
30 41 16 18 29 51
10 3 32 24 23 22
26 27 35 3 53 17
54 3 15 14 29 60
39 31 19 1 38 26
40 48 56 39 36 58
5 12 29 11 33 54
48 42 2 54 19 9
11 43 9 52 47 8
57 32 44 12 18 14
6 59 36 42 21 46
60 33 34 17 46 4
50 6 5 51 57 18
37 38 14 10 2 39
47 42 41 8 27 33
57 8 20 50 18 9
59 49 12 39 34 6
29 22 12 25 34 5
26 17 40 41 27 46
47 19 49 35 2 9
32 38 47 20 22 60
13 16 54 58 26 38
60 23 21 31 10 50
54 19 40 51 25 30
39 3 55 2 42 18
41 37 47 30 39 42
40 28 17 54 2 14
48 10 13 4 21 15
10 60 8 35 30 7
50 24 45 51 19 32
60 38 24 56 10 37
4 34 20 12 3 43
38 60 37 40 57 34
49 15 26 21 48 13
32 36 47 53 43 56
1 44 45 56 24 26
29 26 16 58 49 56
9 10 39 53 14 21
17 21 48 47 36 2
28 12 56 11 46 1
32 21 10 4 29 16
21 26 54 14 11 44
36 18 55 41 26 32
53 30 58 37 9 33
21 50 9 7 27 8
6 10 24 43 38 32
41 51 56 15 58 40
10 39 26 2 52 47
50 33 49 59 3 9
54 56 53 3 4 52
34 5 22 47 12 32
5 35 54 46 53 22
58 10 15 6 8 56
14 5 18 39 52 48
9 21 56 18 12 26
33 5 32 9 30 49
47 1 16 10 54 41
17 16 46 50 15 60
38 41 16 32 10 19
54 17 16 22 56 7
8 10 58 59 11 7
57 2 49 16 29 34
60 34 40 11 19 29
21 28 34 57 1 37
4 59 51 49 46 18
55 14 42 5 3 33
8 23 43 35 57 24
3 22 11 53 47 23
1 15 49 33 23 8
42 7 58 32 31 59
1 27 51 56 8 22
25 14 16 47 13 50
60 12 30 18 53 27
10 50 40 57 56 1
1 4 45 18 14 32
2 47 56 37 51 38
28 8 49 20 48 23
27 4 49 19 28 36
24 12 3 47 20 51
59 53 8 48 44 2
6 42 35 20 16 32
26 25 6 9 20 17
41 6 4 9 47 17
35 19 55 52 58 57
24 19 1 32 56 49
15 2 41 12 26 31
2 55 50 12 20 33
51 13 46 43 45 44
29 27 56 51 37 41
21 50 37 49 31 9
2 6 40 44 33 55
55 1 44 33 14 25
55 8 29 1 2 40
58 32 15 40 11 45
10 44 23 19 16 2
52 15 23 2 17 41
9 39 44 45 14 36
50 5 7 34 57 36
3 24 47 8 45 22
20 28 24 27 14 5
53 39 34 51 5 44
13 42 56 19 25 10
22 39 47 40 56 5
34 27 28 35 53 5
6 29 35 55 25 17
20 13 14 26 55 28
42 4 27 2 8 33
38 45 59 29 8 15
49 18 41 17 2 29
19 36 6 16 24 38
14 13 23 17 1 59
12 45 57 23 59 33
44 60 17 4 34 53
24 36 26 37 9 17
14 57 50 39 37 35
49 14 10 42 39 28
35 53 27 31 45 41
44 31 57 60 38 9
24 17 23 57 33 5
7 51 29 42 16 46
24 21 36 23 51 50
55 44 36 31 27 48
57 35 55 23 38 51
20 29 14 34 35 15
15 29 3 24 10 36
35 3 13 24 46 19
47 28 53 16 13 23
24 50 22 35 16 41
30 25 59 33 51 3
47 32 21 5 37 56
43 36 6 42 55 4
9 39 35 3 7 28
38 7 25 36 13 12
38 37 3 34 30 7
8 23 35 27 39 10
24 19 58 13 33 17
44 23 14 7 40 47
10 54 49 33 51 14
59 52 1 21 14 54
34 42 1 45 55 48
53 16 50 49 25 10
35 55 3 33 27 49
56 37 21 9 15 16
18 25 10 39 14 55
24 23 52 7 21 8
50 48 27 22 35 18
36 24 43 3 8 18
10 24 42 44 25 60
53 25 42 6 20 49
42 51 60 27 54 6
4 31 18 28 11 33
21 18 2 52 24 57
39 21 33 31 18 17
32 53 51 5 39 60
55 18 57 53 20 30
32 31 25 60 20 58
60 51 33 55 38 3
21 56 31 6 22 59
55 30 31 38 43 34
27 28 11 49 45 41
9 35 21 19 31 59
57 1 48 39 23 41
22 1 37 9 43 30
59 37 19 57 50 30
36 40 60 6 44 28
53 20 44 22 16 11
56 40 21 14 35 49
28 54 25 17 19 6
21 60 35 46 52 37
16 3 7 25 29 41
24 16 48 35 19 13
46 10 5 59 11 31
21 3 31 35 52 6
47 53 31 41 51 14
32 30 16 57 44 47
43 51 17 10 52 50
47 35 32 44 48 11
25 49 52 5 30 26
56 19 38 34 41 58
42 26 52 20 57 15
38 54 60 25 9 31
60 44 1 6 41 43
19 43 48 53 3 24
12 41 24 59 51 46
23 10 33 18 48 4
14 30 37 17 38 41
10 16 34 47 35 33
49 53 23 16 18 19
27 56 9 29 2 38
27 53 55 21 23 43
12 22 52 19 1 36
57 53 48 13 42 33
44 5 25 36 60 50
24 4 7 19 59 32
11 34 19 37 12 43
8 25 3 5 47 27
1 42 20 49 17 18
46 17 45 24 6 53
1 38 11 46 33 25
17 26 5 59 31 3
15 48 36 50 13 60
23 17 16 15 34 11
24 23 7 49 40 2
44 39 6 9 55 45
54 52 19 11 59 58
41 56 4 48 6 11
11 56 35 49 47 9
29 27 45 54 15 14
22 32 27 17 19 5
26 47 27 59 19 50
38 24 28 51 31 32
52 42 44 30 60 17
57 54 53 32 29 31
58 18 7 55 39 19
38 46 7 8 48 47
3 8 42 28 59 53
16 52 8 6 45 27
17 7 13 1 26 59
19 4 2 53 23 33
44 48 55 4 12 52
59 39 42 57 44 4
28 30 24 36 53 3
12 14 50 30 19 5
14 23 20 54 56 39
13 53 1 41 11 2
11 58 1 42 5 35
59 22 27 13 20 18
42 32 55 26 23 30
5 9 42 1 28 18
16 7 57 4 56 39
44 60 50 55 2 13
55 35 19 30 53 9
45 28 15 58 54 1
25 54 3 52 36 40
1 15 37 28 4 35
60 10 48 59 23 2
5 54 35 15 57 31
50 37 20 12 46 17
13 37 25 47 27 5
33 1 6 36 35 38
37 2 9 10 19 53
46 58 60 59 29 5
55 9 28 11 36 58
23 7 19 28 31 52
2 29 19 26 58 54
32 25 35 51 4 21
5 59 55 39 6 36
5 50 43 6 23 41
10 15 23 7 51 20
35 33 42 36 3 8
39 43 28 15 26 24
57 42 8 54 28 27
45 50 23 35 29 33
48 11 14 9 42 5
44 9 33 16 29 55
21 4 16 40 39 47
10 34 37 33 22 14
42 46 47 10 49 29
14 55 48 8 44 3
26 48 30 38 21 1
22 4 53 45 44 3
33 45 58 48 30 29
9 46 49 43 2 37
27 47 26 13 6 35
54 20 29 44 2 48
3 22 58 2 44 17
58 42 29 40 43 15
26 42 22 47 36 5
52 20 14 2 15 42
8 30 18 42 47 53
5 48 18 37 50 14
41 14 3 40 8 1
35 3 20 38 44 56
19 4 42 49 25 20
41 25 12 59 24 17
38 31 1 11 57 27
20 56 6 14 30 26
9 31 21 15 11 10
13 39 48 24 52 56
28 18 51 30 19 59
7 3 43 59 5 11
42 54 31 51 55 14
13 43 46 42 19 10
47 44 27 51 30 26
39 27 56 58 40 49
26 46 10 16 56 14
52 33 26 14 22 18
15 1 14 55 44 47
36 41 17 23 37 16
43 22 17 33 44 57
10 33 18 7 58 4
44 10 4 50 47 1
42 6 10 46 19 33
5 12 43 33 57 30
15 8 1 10 3 13
35 28 20 45 10 48
24 49 12 11 46 42
8 43 39 44 15 36
14 7 22 35 52 25
12 13 33 54 28 44
22 7 48 40 31 55
50 21 27 43 49 58
14 2 23 51 43 10
54 2 6 29 25 35
20 31 21 54 7 13
20 58 55 19 35 1
52 5 56 57 35 32
24 15 7 40 17 26
6 14 18 21 51 34
19 1 36 11 45 27
11 25 3 47 30 13
43 39 36 37 48 17
54 7 38 11 25 6
33 30 23 57 28 25
56 41 29 21 20 9
21 23 15 10 50 60
17 12 38 26 29 55
24 14 33 41 42 54
10 41 25 29 16 47
11 5 25 59 22 19
25 58 44 22 60 12
19 33 43 50 25 58
37 41 35 60 32 12
34 54 48 31 22 8
18 25 46 17 36 34
47 31 51 14 56 5
47 28 31 6 55 42
54 48 16 46 7 53
26 24 2 37 28 50
8 2 50 55 52 43
43 19 52 23 10 42
37 42 41 4 48 36
30 19 20 55 43 59
54 3 2 13 10 24
55 26 54 34 42 23
22 34 17 26 23 40
42 44 58 18 5 22
10 14 37 55 36 11
31 12 29 44 50 27
14 16 43 8 7 27
24 8 46 32 49 57
59 2 49 42 55 56
53 59 50 25 2 14
35 8 28 6 5 53
29 60 15 33 42 22
52 35 38 28 22 56
37 21 17 60 46 50
46 40 17 41 22 6
59 20 6 52 45 49
46 59 60 51 20 6
21 45 52 25 59 46
40 7 20 21 50 16
21 23 29 28 37 48
21 31 3 29 27 47
25 34 28 18 59 47
24 43 1 22 15 36
30 31 54 47 4 13
3 15 26 35 39 22
43 41 39 47 35 54
43 8 41 19 13 53
24 2 17 36 31 3
56 31 24 7 53 48
30 55 60 2 53 39
53 42 37 24 52 50
4 41 13 51 18 25
47 17 51 33 22 27
17 4 21 32 40 26
41 2 36 29 49 45
49 18 6 2 43 37
9 42 34 50 27 47
1 40 17 20 37 16
1 57 39 36 11 27
20 23 58 34 24 45
30 37 47 19 41 40
24 1 46 25 6 47
23 40 55 38 30 18
18 13 25 47 48 20
10 25 12 15 58 26
21 30 58 8 17 46
10 45 1 27 52 34
49 3 11 38 54 56
21 44 45 7 23 24
55 10 50 12 47 23
19 22 45 16 35 25
22 8 12 45 9 50
59 5 33 54 40 50
50 19 45 46 28 30
51 10 3 2 44 15
26 59 57 7 27 18
2 6 30 10 59 60
39 15 21 31 7 44
2 1 25 49 24 3
53 39 19 22 54 52
2 44 25 35 1 49
60 5 37 52 12 54
18 12 8 42 54 39
38 8 31 27 2 58
7 2 8 20 55 25
43 15 56 23 51 35
13 10 25 22 24 21
13 59 60 56 12 50
22 48 56 43 32 53
41 31 26 49 24 16
57 22 4 31 39 13
39 28 42 22 45 3
5 60 7 25 9 27
44 59 42 54 23 9
44 26 42 25 59 4
39 27 24 49 31 56
39 12 42 28 46 19
42 48 27 45 32 12
32 36 52 43 18 9
23 43 39 56 32 20
17 45 4 11 49 37
17 36 41 21 26 60
59 25 22 56 48 29
57 41 1 15 39 23
35 20 47 1 44 60
35 5 14 11 50 17
45 8 28 16 25 53
25 21 51 47 56 17
42 1 57 54 25 48
12 26 40 60 4 2
17 25 32 40 28 16
51 24 27 25 40 16
49 29 16 54 3 42
26 51 32 50 24 44
32 27 11 20 52 17
8 1 44 52 56 12
3 24 17 14 53 40
8 53 5 24 18 43
7 33 6 25 29 9
7 10 32 35 38 9
34 23 52 49 14 42
32 12 33 6 36 41
15 39 56 13 4 9
29 46 34 35 13 22
49 55 47 25 43 23
24 16 35 26 33 51
16 4 12 53 60 35
53 1 58 36 27 22
15 10 18 53 30 11
59 33 16 23 56 18
28 32 33 26 54 5
15 11 58 2 16 17
39 35 53 11 31 15
24 51 41 16 25 8
20 54 14 27 4 49
33 15 44 50 21 18
2 4 17 7 25 54
3 16 44 39 53 45
50 53 11 39 58 43
12 57 30 35 53 2
1 9 12 56 38 5
44 48 32 25 11 47
20 49 35 57 44 38
5 37 52 20 30 35
21 52 54 6 15 5
56 3 12 36 9 21
38 41 54 5 18 7
4 9 40 58 42 35
18 24 50 51 19 23
31 48 12 19 51 16
32 23 41 58 11 43
39 54 18 44 48 7
5 28 51 12 8 4
24 30 45 55 8 15
29 55 8 17 57 48
60 37 44 11 15 18
33 34 6 15 56 23
30 60 10 28 26 1
3 49 17 7 21 12
60 26 29 45 12 2
45 20 60 28 6 30
24 32 8 2 34 23
35 7 27 50 33 20
2 56 24 22 40 57
29 17 24 35 39 16
55 35 51 53 18 8
19 29 60 28 48 52
41 43 34 49 59 37
31 22 27 39 47 48
55 1 2 39 31 38
15 30 31 40 3 52
54 29 24 16 59 40
5 51 2 27 43 15
39 33 10 13 1 60
35 60 31 47 28 54
58 47 60 49 11 12
9 37 8 59 7 18
5 3 21 15 59 49
22 33 14 52 26 16
18 22 33 19 57 26
11 28 52 36 37 51
11 57 40 30 37 18
2 36 43 55 5 27
23 54 1 18 47 22
59 31 39 24 37 21
25 4 38 43 2 46
42 50 26 44 5 51
18 39 38 54 13 19
23 43 6 59 32 38
10 59 32 50 60 30
25 22 39 6 51 40
31 25 20 30 53 8
2 48 6 29 7 25
6 24 51 43 3 31
32 33 29 21 20 12
51 41 39 60 38 4
6 45 47 37 18 24
10 30 6 53 32 36
37 30 49 7 28 3
59 52 49 50 46 56
1 46 20 6 55 52
18 47 60 21 41 11
32 10 45 29 7 26
9 32 22 26 28 11
29 24 48 12 49 22
36 8 9 27 13 47
25 59 31 38 39 43
20 46 56 36 57 37
44 3 30 51 45 59
4 21 13 37 22 25
9 18 5 13 23 42
52 1 40 30 21 59
56 26 13 59 37 14
15 47 54 42 44 17
40 6 31 12 38 1
31 52 60 6 5 26
26 56 8 18 19 33
7 51 23 28 41 17
6 23 5 43 32 1
39 11 45 21 41 25
26 41 46 9 37 38
58 25 30 48 50 55
49 33 9 34 48 54
45 6 39 25 23 54
2 34 12 44 19 25
1 59 20 47 41 26
26 32 20 43 51 10
26 18 34 23 31 53
1 10 20 18 25 34
20 58 53 43 46 15
22 3 49 13 37 46
33 8 9 50 31 58
15 32 25 58 11 1
54 1 37 7 47 6
37 26 16 4 25 43
8 6 51 47 12 29
37 34 13 50 20 56
48 58 10 11 45 12
19 57 9 31 14 60
7 22 32 14 49 38
33 37 4 29 27 26
5 2 29 33 12 32
3 24 38 43 18 14
47 37 4 12 40 25
11 2 45 56 34 48
32 22 1 54 52 37
18 48 45 21 29 25
24 39 52 28 23 54
27 25 19 21 39 20
44 47 2 30 25 29
5 60 1 52 25 59
3 46 1 2 9 35
2 17 5 33 6 16
57 3 24 13 48 59
42 17 3 25 28 15
16 35 24 52 44 51
6 40 41 30 3 16
15 35 27 34 58 55
7 52 19 25 56 44
41 46 17 60 53 14
33 34 43 18 56 12
34 14 59 10 60 11
26 10 56 34 9 29
5 21 60 45 3 50
13 18 29 26 17 14
4 18 9 54 46 12
20 19 31 41 44 4
43 45 42 39 27 56
36 32 27 59 52 45
32 10 7 19 46 50
48 7 56 2 30 20
49 28 4 17 51 25
35 41 21 59 8 52
30 55 12 31 40 36
15 18 39 57 56 29
45 42 17 25 36 40
39 29 11 49 47 50
53 21 28 20 11 47
22 6 23 17 42 16
33 19 48 55 56 45
2 7 35 14 19 3
23 60 19 18 8 16
27 47 2 13 23 54
53 13 46 48 18 17
58 8 5 44 49 27
40 59 19 46 24 25
16 12 55 31 52 21
17 43 29 57 16 21
36 16 29 3 53 2
12 11 15 24 30 46
54 42 31 25 37 49
58 40 48 13 14 7
45 40 10 3 8 20
7 47 19 49 12 43
9 23 45 39 26 27
21 49 60 11 25 53
20 38 45 23 7 43
35 5 46 8 9 11
25 44 58 39 11 16
29 18 27 11 56 19
9 11 37 40 38 2
54 33 11 25 16 13
23 28 1 33 3 57
50 59 8 28 1 47
13 16 24 52 60 32
10 47 2 4 58 5
22 13 16 25 36 4
60 22 51 31 50 23
30 44 9 35 49 20
37 58 5 41 59 17
44 11 55 1 41 5
7 15 12 21 53 4
44 59 35 42 3 58
54 60 33 11 58 53
5 42 32 21 55 14
6 27 9 5 21 45
35 24 44 47 60 26
51 41 2 34 13 20
6 49 13 17 8 57
20 24 13 53 45 27
40 5 6 59 13 43
15 11 51 14 46 60
43 13 24 55 56 32
22 19 13 8 60 25
14 56 9 23 2 22
42 1 6 5 48 50
25 9 27 47 53 45
35 48 29 49 20 5
15 48 25 13 30 26
10 48 29 13 44 7
14 40 25 9 54 24
24 26 8 57 15 56
12 47 54 40 50 53
34 50 18 26 41 48
33 35 49 5 18 16
44 48 21 5 45 56
32 23 59 40 18 54
50 15 19 32 54 37
33 59 13 8 7 20
3 56 46 16 17 57
51 4 37 25 57 16
20 6 60 29 58 16
16 35 15 2 32 27
53 51 42 3 35 7
48 31 16 44 14 57
23 59 54 24 11 30
31 47 51 19 57 48
42 23 27 60 19 14
18 36 31 54 1 22
19 38 25 55 35 59
29 4 57 58 20 50
26 32 13 37 31 12
17 14 2 32 1 60
18 59 44 50 3 54
7 14 53 27 60 29
16 15 3 54 46 37
11 39 35 45 55 28
14 10 5 31 43 6
26 39 54 47 19 4
36 30 7 31 42 54
26 13 1 8 24 19
38 25 39 9 24 47
31 13 22 25 35 44
12 21 34 31 59 30
21 57 52 14 7 32
15 27 59 19 54 49
24 18 20 22 3 2
31 37 35 15 36 10
9 58 25 13 1 2
54 19 23 43 49 33
34 25 2 35 44 12
18 58 47 2 20 43
57 5 51 13 14 47
12 39 7 45 14 43
46 6 25 38 57 43
23 11 33 10 4 2
22 39 2 7 35 58
50 11 51 57 10 19
16 59 27 58 40 56
43 32 36 29 15 17
54 49 5 3 11 24
21 60 6 41 44 50
3 19 37 31 53 56
52 8 33 22 55 47
18 6 27 23 26 50
42 17 15 56 48 53
50 5 27 32 30 44
4 48 45 16 49 21
39 32 1 43 56 44
44 48 51 19 42 50
25 13 49 12 40 43
32 34 28 60 46 4
30 40 10 12 54 5
24 47 1 33 17 42
54 24 16 30 5 10
16 5 15 11 50 8
60 31 4 25 13 55
50 57 54 20 34 5
18 39 28 16 42 15
59 22 30 60 42 33
9 40 34 18 41 39
48 41 14 30 57 21
9 57 30 51 18 56
24 12 25 21 60 58
36 42 17 51 30 47
15 41 34 22 36 10
18 41 60 46 59 14
1 14 40 54 12 50
38 47 12 7 44 59
6 18 50 7 44 25
54 42 19 39 56 31
3 23 52 37 16 46
15 53 19 29 25 13
5 48 50 51 22 32
37 11 13 27 50 35
29 49 26 38 59 56
29 50 42 44 41 55
50 33 45 46 29 31
9 39 46 32 58 23
29 43 20 7 11 21
52 28 54 7 20 23
7 28 25 55 33 17
25 49 52 33 58 51
6 29 34 21 3 17
42 41 32 40 16 34
17 33 30 1 11 39
13 43 22 17 35 31
40 22 25 20 44 13
5 14 26 44 23 7
55 26 52 29 40 50
24 45 1 40 8 16
7 1 37 6 24 4
31 5 39 12 13 4
25 3 46 42 33 4
49 11 22 53 55 3
60 1 29 50 25 26
26 12 52 16 3 17
27 9 53 18 28 37
2 14 24 60 51 54
50 1 46 17 34 43
5 2 60 4 22 34
40 27 21 13 12 29
44 38 40 29 30 57
6 51 22 52 29 56
5 37 52 43 49 38
32 10 30 20 4 37
25 21 19 12 1 37
6 36 27 2 10 53
1 55 14 12 26 40
38 50 37 58 17 44
21 15 58 51 31 12
2 13 14 36 48 15
30 4 31 17 50 21
25 5 60 19 37 52
58 55 59 25 28 57
34 22 19 44 29 5
56 30 37 51 24 17
42 19 1 10 53 29
17 20 6 28 15 25
9 58 12 16 33 57
58 20 48 28 60 27
4 22 13 57 8 35
8 41 22 36 25 24
44 19 43 40 26 56
46 8 59 1 43 42
14 34 44 43 32 42
51 39 46 30 16 44
45 2 60 16 3 36
36 4 22 37 39 18
49 44 31 16 2 10
33 52 8 11 40 43
17 5 25 18 57 3
2 5 6 59 57 16
47 4 6 14 60 5
56 59 11 53 38 35
5 26 24 40 17 46
4 3 60 34 22 12
9 5 60 10 36 49
26 38 52 32 29 7
13 45 32 28 29 4
32 59 6 28 5 53
32 39 3 36 24 25
25 37 6 48 19 27
59 19 29 13 4 8
31 26 2 30 60 50
42 32 15 53 23 49
21 5 30 51 13 2
31 57 27 14 55 50
26 59 11 45 4 23
50 49 55 23 8 17
39 41 15 16 52 37
14 39 30 23 35 25
48 33 7 5 16 11
46 6 54 19 57 55
38 46 47 10 45 53
34 30 20 32 53 16
30 28 32 47 9 11
53 57 60 4 17 1
21 4 16 50 48 30
15 33 27 56 1 41
27 26 10 43 53 15
55 45 9 18 30 5
47 6 46 10 34 36
52 37 15 38 27 50
40 35 22 49 23 7
17 42 7 36 27 4
28 8 50 6 23 32
18 39 46 47 5 54
57 32 35 25 11 30
56 39 49 50 5 41
36 3 56 21 57 32
10 24 3 26 30 17
51 16 31 41 4 20
47 15 31 34 57 60
19 4 44 45 2 20
6 30 34 11 46 45
51 27 52 22 47 11
57 6 19 55 30 15
9 46 8 57 10 34
14 6 29 59 15 37
46 25 22 26 43 2
52 33 10 45 15 18
25 11 33 14 58 24
19 12 57 7 28 26
50 28 52 24 53 46
27 18 35 24 43 40
11 44 51 10 2 55
56 40 32 59 24 54
30 54 20 23 44 34
8 17 46 50 60 23
36 13 5 39 10 17
28 5 54 41 42 51
31 58 12 42 20 22
37 45 34 12 8 38
17 41 47 29 36 34
2 14 4 3 7 58
50 53 30 52 38 14
33 26 49 58 57 2
39 43 34 17 38 15
53 32 9 18 5 26
47 25 37 53 59 15
8 52 45 44 20 9
52 46 27 12 53 57
18 34 23 38 39 15
18 41 9 60 13 45
55 30 50 42 57 20
37 7 48 26 1 57
41 51 49 14 34 7
45 52 17 40 55 11
12 40 33 34 49 23
42 54 8 7 31 20
55 12 14 31 48 16
26 40 5 6 23 9
23 18 31 32 56 24
23 56 45 47 4 49
54 13 43 28 60 9
15 3 59 14 30 20
32 58 15 25 16 37
10 33 59 37 11 40
10 22 52 42 2 24
14 42 51 15 53 17
46 16 52 44 4 24
25 4 50 18 57 19
16 25 12 18 42 58
7 9 31 54 1 43
7 40 46 56 29 30
56 7 32 41 46 43
40 34 18 29 47 26
53 17 22 27 39 35
5 56 27 14 36 18
10 47 3 7 36 53
45 57 24 22 10 26
32 12 13 4 26 51
38 1 39 44 9 11
53 13 9 52 42 5
39 54 18 4 15 13
23 24 1 20 4 52
22 52 14 8 1 41
49 20 2 10 45 11
57 52 17 36 29 44
40 33 27 53 3 56
30 59 56 57 46 2
45 14 60 7 6 8
43 45 7 4 55 49
26 32 13 46 57 56
16 34 1 45 37 52
4 56 14 15 31 49
12 27 22 42 4 34
37 59 33 23 54 18
40 36 5 3 32 11
57 12 48 14 33 51
22 9 47 32 59 53
24 18 14 3 1 32
53 9 57 58 44 29
23 27 51 50 48 28
11 16 37 1 27 9
1 47 53 21 51 28
17 39 49 35 34 20
11 57 54 32 28 58
40 54 55 14 22 18
46 27 15 54 26 16
15 32 21 45 49 38
59 15 2 30 57 42
46 5 44 51 42 16
26 53 52 21 34 47
36 10 25 11 13 6
25 41 50 59 3 29
5 27 47 6 33 4
5 54 24 16 39 4
21 58 8 52 59 10
10 34 25 37 11 26
50 59 18 52 16 14
22 10 21 11 18 24
49 3 5 12 60 53
41 58 48 45 43 7
16 26 54 24 23 12
9 27 35 50 26 34
9 14 55 26 32 11
17 23 29 55 42 5
15 45 17 40 12 11
42 54 20 7 31 18
11 13 27 54 20 17
57 39 30 1 12 60
14 21 30 20 5 37
34 12 57 8 52 25
9 48 23 47 52 7
46 37 22 4 42 30
45 30 29 48 58 34
44 7 27 42 46 30
50 37 58 33 7 19
12 37 27 14 57 17
7 11 40 34 51 35
37 7 35 60 34 5
16 59 54 38 8 43
26 17 23 1 28 14
58 34 60 29 39 24
48 13 46 52 23 17
12 6 59 15 38 27
58 45 34 8 42 23
32 53 30 38 16 1
15 14 45 39 6 16
30 45 3 41 26 5
25 28 19 22 30 57
9 50 49 56 27 16
43 58 42 40 16 44
58 49 43 28 12 9
57 18 51 6 27 50
20 53 4 58 25 55
1 11 4 54 22 35
50 23 34 16 24 27
29 15 24 1 8 10
23 15 6 60 10 56
60 13 43 18 23 38
30 3 49 12 44 15
21 45 50 10 57 1
17 43 57 5 53 51
60 48 38 27 36 30
3 31 55 33 43 59
47 60 7 51 39 3
32 3 51 33 2 5
10 19 18 27 39 33
33 51 28 19 24 40
19 35 18 32 52 27
14 8 31 53 13 12
16 37 12 22 21 44
48 15 31 52 44 25
60 15 22 32 1 33
11 25 33 60 1 45
1 4 34 56 37 53
13 11 14 38 46 32
9 49 38 60 33 2
49 8 13 58 26 44
60 37 46 16 13 25
39 28 43 20 48 7
19 13 45 53 32 41
54 31 27 14 22 48
44 28 50 16 36 25
28 17 32 5 31 16
53 57 38 56 14 45
6 41 21 34 35 58
50 7 9 21 47 44
32 49 51 59 44 22
32 40 30 25 5 6
27 11 10 54 24 44
15 45 60 49 9 1
10 20 60 8 27 2
31 17 44 6 33 27
20 1 23 59 17 46
30 21 45 59 10 52
46 3 5 20 14 28
38 9 13 4 23 11
19 28 2 9 26 35
52 16 17 49 58 47
18 20 1 10 7 2
50 34 37 31 48 6
33 29 36 11 10 2
34 20 33 6 25 19
16 7 4 32 19 43
31 2 53 48 60 57
30 20 44 13 26 47
14 46 11 22 12 53
58 11 5 26 3 6
55 11 39 49 12 26
19 2 49 51 6 44
50 60 10 40 54 55
12 57 41 38 25 44
36 5 50 10 60 12
13 51 4 58 16 27
2 25 3 30 52 59
53 6 26 30 47 7
20 38 31 45 35 51
47 14 11 27 31 41
31 47 40 55 9 23
39 52 32 49 10 40
44 34 51 27 19 48
31 39 7 5 46 4
3 32 45 28 33 55
29 16 30 51 37 13
6 16 13 27 56 44
36 23 12 60 39 4
5 4 38 31 13 42
32 48 4 41 57 37
56 34 30 15 46 53
10 5 11 42 48 54
53 5 34 56 9 30
30 36 3 39 9 15
39 20 17 28 10 54
10 7 46 14 42 44
22 48 17 50 6 41
17 30 42 1 11 60
16 3 50 40 14 29
55 11 54 29 38 21
59 10 49 37 19 24
32 31 4 42 16 6
45 33 35 42 23 31
10 44 36 17 22 20
29 28 58 31 12 25
28 33 11 41 10 2
16 46 17 12 37 3
39 3 42 45 59 23
43 2 58 14 38 35
50 27 8 37 56 44
60 36 13 49 15 31
40 35 60 28 54 15
23 34 30 27 1 48
31 4 32 24 38 17
52 22 40 53 58 39
3 58 10 1 50 60
6 15 48 40 13 36
42 12 52 9 48 46
41 3 51 13 9 34
49 20 3 21 12 51
6 30 47 21 40 25
11 1 55 26 53 25
46 54 2 39 4 60
16 17 56 4 15 30
38 24 43 4 13 33
19 24 40 32 1 16
12 16 18 32 38 8
30 16 5 45 17 56
55 7 27 50 9 45
28 12 44 40 33 30
50 53 57 11 40 15
29 48 18 41 7 20
7 18 11 43 46 8
30 57 22 58 5 11
42 31 32 46 49 37
21 16 18 56 42 32
30 54 45 4 32 50
9 12 31 17 24 49
51 18 34 48 44 38
54 2 50 14 10 55
50 44 11 41 28 7
44 22 21 31 5 35
14 22 35 46 9 41
49 28 12 34 32 25
27 36 60 57 38 16
39 1 6 22 30 13
16 39 48 27 20 34
9 57 55 19 46 14
39 40 2 28 3 54
37 51 7 6 46 48
38 11 25 24 1 3
33 26 57 32 9 21
33 51 38 52 21 54
29 15 9 54 13 31
49 24 20 9 17 5
30 35 42 8 11 54
17 34 6 57 10 55
47 20 10 24 29 39
18 46 51 20 19 9
55 15 23 54 19 3
4 48 58 31 44 28
17 11 6 20 40 14
31 60 6 32 2 23
49 52 7 40 42 12
42 32 58 54 22 15
18 16 38 25 43 45
27 55 24 46 10 30
39 58 54 23 10 28
14 25 15 45 20 59
15 16 31 44 21 32
18 31 19 49 13 17
29 41 15 6 47 42
11 19 5 12 30 53
53 8 60 55 31 9
52 32 35 34 22 18
21 53 6 7 13 2
24 41 45 56 21 9
27 46 40 28 32 13
27 19 4 12 54 39
14 25 12 32 58 6
41 18 53 57 59 8
22 53 55 44 41 6
20 2 16 15 24 21
7 28 42 60 56 21
46 28 49 59 15 7
23 24 27 13 37 2
56 19 60 6 47 55
44 30 10 45 58 7
21 45 31 30 19 26
46 30 57 12 59 37
40 11 33 27 13 31
47 56 30 8 28 12
12 2 1 54 25 44
38 3 51 7 46 50
8 57 23 53 18 17
27 7 15 14 47 45
17 25 54 6 11 23
21 14 53 6 23 13
54 20 2 44 12 52
8 19 46 27 13 6
45 36 2 57 40 30
46 20 41 18 42 24
39 56 51 13 28 40
54 37 42 18 36 59
47 46 12 7 22 1
17 18 41 10 23 50
60 13 16 49 56 8
15 16 3 2 58 42
2 54 47 24 26 48
33 16 57 2 41 13
11 14 15 18 47 4
3 15 40 31 12 25
54 48 35 3 39 6
5 49 22 60 37 41
35 58 45 24 38 15
13 36 8 19 31 10
44 29 23 37 41 42
54 28 50 36 26 17
8 13 49 37 36 48
37 3 17 23 48 19
39 32 17 37 33 23
6 1 57 14 34 26
45 39 24 11 57 23
37 12 49 13 18 33
27 6 4 33 2 58
21 25 19 17 53 7
52 44 25 49 47 31
46 50 33 8 25 31
38 14 35 52 27 56
10 30 35 6 3 8
24 19 25 16 2 47
18 27 34 25 1 39
6 30 26 20 9 50
52 30 51 27 44 26
57 59 55 18 11 3
34 10 33 50 35 28
32 35 53 17 40 33
45 15 47 58 33 27
23 43 46 32 6 42
1 44 40 33 35 26
47 50 51 25 5 36
21 7 22 15 27 10
26 31 37 16 5 23
45 33 7 21 57 27
11 6 58 52 41 47
47 60 50 32 15 7
1 50 23 20 53 44
35 21 28 12 36 23
53 34 3 28 6 58
30 20 27 49 17 32
54 26 10 56 43 40
40 1 59 16 26 15
14 60 18 33 55 38
51 44 28 2 20 45
22 29 26 13 50 41
19 59 58 23 26 25
53 12 34 45 31 41
52 26 31 35 47 55
55 10 53 54 25 14
31 35 56 5 46 26
57 23 53 25 52 27
1 43 38 33 55 27
46 14 33 19 59 30
16 26 39 33 27 25
53 51 45 46 21 22
4 25 46 24 37 28
50 28 31 46 12 1
10 21 6 47 16 17
47 60 6 42 5 3
21 60 1 27 47 25
25 12 40 19 33 46
8 43 26 10 55 1
34 21 51 35 6 4
38 10 23 34 57 20
39 24 48 34 8 5
11 46 16 5 7 27
60 26 1 4 35 10
37 50 27 23 41 36
46 13 19 53 14 11
35 40 36 22 41 30
1 8 23 25 40 49
53 10 3 35 47 14
49 2 3 55 48 51
55 35 20 30 24 23
13 42 11 38 29 16
13 52 42 46 16 21
24 60 2 26 14 22
9 52 31 44 58 59
60 4 15 5 9 56
55 52 18 29 36 7
6 34 38 4 5 27
27 36 52 8 9 13
44 36 34 39 45 6
43 47 3 36 37 16
22 37 49 46 9 6
55 59 56 51 44 42
45 37 11 20 17 51
27 7 9 35 10 45
26 56 55 15 35 42
9 45 17 7 35 10
19 3 39 25 42 48
8 56 45 35 42 6
43 51 56 45 24 26
6 27 22 9 35 49
58 59 3 17 19 56
27 45 9 13 38 50
22 53 43 28 55 26
45 24 50 30 13 3
60 18 37 38 32 24
20 19 54 44 9 37
59 16 52 55 10 43
7 60 2 44 22 4
41 4 11 49 48 55
56 32 36 58 46 57
60 31 58 52 1 45
17 30 34 2 42 15
33 19 47 57 60 14
49 37 41 13 55 28
53 8 51 11 55 14
7 32 28 41 2 51
56 14 20 33 5 58
45 16 20 8 29 1
30 20 5 24 29 38
53 15 56 11 38 40
36 25 58 9 12 26
33 5 41 2 27 3
56 40 12 48 60 59
55 38 30 6 29 9
43 13 52 22 12 23
29 57 31 3 60 40
47 14 49 57 16 10
20 49 41 21 50 39
34 50 29 17 36 39
46 9 42 10 56 4
10 44 37 9 46 19
41 26 43 1 52 12
7 31 54 5 22 27
35 23 4 53 11 58
51 2 59 16 54 40
6 59 28 60 47 35
27 46 17 22 5 37
46 34 10 17 4 2
58 6 19 1 4 51
27 16 45 21 51 8
37 8 29 30 36 43
28 11 47 33 46 42
45 25 21 35 29 56
42 6 18 21 7 30
23 32 43 1 33 19
35 9 32 31 2 17
17 42 10 9 26 32
53 25 4 28 8 44
26 44 36 5 57 18
44 6 12 46 13 2
20 49 1 33 40 19
14 50 39 9 19 28
17 40 5 49 39 1
21 53 10 49 6 23
32 1 57 27 34 53
48 17 33 1 60 31
47 55 41 19 8 22
35 2 25 52 53 21
47 11 3 36 35 49
40 9 42 31 2 50
22 35 29 5 1 34
47 22 2 15 10 60
32 1 13 42 30 15
30 33 26 15 11 7
45 58 19 44 7 6
37 46 30 54 21 34
5 10 14 6 38 4
56 52 5 17 41 42
8 11 42 28 24 41
28 49 54 45 34 27
13 10 15 2 36 45
34 28 21 57 44 45
2 14 3 8 38 6
31 50 10 35 41 26
16 52 39 24 17 59
30 20 45 55 28 1
47 6 30 28 53 42
46 43 30 23 37 47
28 46 53 38 35 34
12 40 36 24 18 41
13 56 30 10 28 42
14 2 50 43 56 5
45 43 1 7 16 38
28 41 4 30 7 59
35 31 29 37 34 10
17 59 28 39 53 43
44 10 49 8 25 3
17 25 31 28 34 20
51 42 14 34 1 12
41 4 59 34 21 20
53 59 50 40 39 47
54 15 28 40 60 2
28 60 53 23 16 13
34 57 36 33 22 45
18 11 24 31 1 42
42 55 57 6 46 17
22 32 43 56 35 7
14 19 23 37 22 8
14 34 26 3 32 36
60 7 16 10 20 8
19 32 35 49 4 48
16 31 59 13 26 15
35 47 18 16 3 1
13 12 52 26 38 50
59 53 43 2 3 41
22 31 4 45 7 2
49 29 16 19 25 60
54 56 48 47 23 46
12 31 2 47 25 18
40 15 5 49 11 48
28 59 30 17 20 4
13 29 54 43 24 23
44 24 60 17 10 52
60 29 32 13 45 4
21 28 39 52 60 42
26 13 23 33 1 9
52 38 5 16 37 1
52 18 50 1 30 41
45 8 37 33 58 24
41 13 56 35 29 5
50 19 35 13 15 33
4 46 32 8 18 16
15 52 6 12 10 14
7 53 39 54 4 3
16 3 14 13 52 38
47 12 38 9 30 23
41 19 16 30 60 18
56 58 3 57 44 30
40 11 36 47 19 46
31 39 8 2 41 29
12 16 51 4 19 21
1 53 25 49 3 20
31 54 30 49 36 26
41 57 4 35 5 59
57 12 39 23 47 34
6 50 10 33 34 53
8 9 38 26 25 47
36 60 42 9 40 20
48 39 8 24 50 51
8 9 12 52 25 1
33 56 47 20 32 24
53 34 17 21 55 57
55 59 2 43 15 1
6 7 57 47 50 20
35 38 2 8 4 59
46 10 17 47 42 43
60 57 54 34 33 59
27 42 46 34 19 10
51 36 21 27 9 42
33 20 59 55 8 7
49 25 5 54 10 57
3 53 34 26 25 8
27 50 12 16 17 40
30 1 43 47 44 38
30 56 48 15 41 28
1 60 18 15 37 42
10 19 4 24 5 30
13 28 25 43 14 59
41 13 1 45 43 24
35 32 22 52 5 33
7 58 29 3 42 23
47 16 51 8 1 2
30 10 42 19 12 50
39 58 18 33 42 56
32 51 34 44 18 23
14 22 23 4 57 9
30 60 14 12 31 13
7 20 43 31 11 60
17 31 14 38 5 25
6 56 24 58 19 20
57 12 35 40 37 6
35 16 15 29 4 13
12 14 8 10 11 6
13 43 51 44 16 36
55 13 16 27 24 46
16 4 17 8 14 25
60 9 59 1 34 55
33 49 18 19 26 41
46 2 17 49 18 42
55 33 26 17 10 24
11 5 45 20 22 43
27 46 45 12 38 24
9 42 40 8 58 54
33 57 3 10 4 32
46 36 24 14 5 49
56 39 12 8 21 59
32 45 49 60 41 8
18 33 49 7 4 5
55 9 33 42 44 24
6 8 55 38 58 42
6 4 29 13 8 36
44 60 46 7 10 31
44 4 49 41 40 47
21 49 22 35 10 52
45 27 3 42 15 44
38 54 32 26 12 27
23 1 48 15 8 26
27 45 17 23 34 5
37 22 54 18 28 27
3 34 59 40 1 33
37 43 15 31 12 9
39 18 22 19 32 54
33 35 17 56 14 53
51 60 3 49 4 20
45 24 29 36 54 6
45 56 48 35 6 13
34 48 57 16 1 14
25 50 29 45 31 10
12 36 56 50 17 49
58 45 28 18 42 36
18 36 48 26 41 58
29 49 8 44 58 3
8 1 25 36 30 37
31 41 29 36 55 15
55 7 33 53 20 24
32 21 35 55 9 43
47 55 40 5 30 26
12 54 31 37 49 5
3 20 11 55 45 59
56 17 32 14 50 11
47 33 53 58 4 2
52 34 53 38 60 28
28 27 7 3 50 24
20 60 37 5 38 41
24 4 46 55 43 25
26 25 4 28 39 40
8 2 45 16 3 56
6 9 16 54 26 31
16 55 31 46 32 8
47 60 3 36 7 16
10 54 8 12 57 34
17 4 21 51 60 29
51 25 2 32 20 56
17 49 22 46 34 15
54 21 34 49 59 14
1 42 38 6 39 7
60 23 16 20 22 56
54 56 41 51 10 20
18 30 54 2 21 28
34 22 20 1 47 6
49 25 37 39 5 10
26 56 35 8 12 6
39 11 8 43 38 5
51 12 39 53 50 52
13 10 11 3 56 44
52 17 28 47 38 58
14 24 12 9 20 57
22 40 35 50 52 28
9 59 36 12 41 18
16 59 21 37 58 9
28 6 46 36 49 42
23 58 57 47 38 17
58 14 37 11 33 51
5 35 50 28 26 12
8 33 42 1 30 50
60 33 24 4 18 12
43 15 53 32 9 35
26 51 49 12 5 25
2 26 45 58 55 28
50 43 34 57 16 37
2 50 24 37 48 59
16 39 57 59 10 60
10 21 40 6 57 48
38 9 31 37 20 57
9 38 59 45 26 5
55 16 49 14 2 24
1 55 60 22 10 35
52 31 22 8 15 17
7 40 10 36 53 23
35 41 28 29 55 3
11 40 10 18 38 44
31 59 49 40 4 48
17 54 48 13 55 21
36 52 22 50 18 7
26 36 38 34 47 39
45 48 56 23 44 6
28 53 10 58 31 44
20 25 31 33 51 39
3 40 36 52 44 21
35 9 32 17 10 31
6 8 27 17 41 50
32 47 3 24 21 54
23 53 57 17 15 12
9 40 13 54 28 50
51 25 1 31 22 19
22 54 6 25 5 19
8 33 7 51 30 13
20 30 6 42 49 1
42 58 54 47 2 43
31 44 30 38 9 14
55 39 25 2 7 40
55 19 28 57 3 26
27 24 6 25 10 40
5 58 27 46 1 26
14 44 40 1 47 41
34 46 32 50 19 2
57 42 29 53 60 35
28 3 42 14 34 56
42 21 20 22 15 41
38 32 42 48 44 60
18 14 54 38 26 53
12 9 32 51 49 13
35 40 6 17 9 15
50 25 57 4 33 45
30 27 29 50 22 14
25 15 55 14 48 29
31 46 28 27 5 38
39 9 50 30 16 12
24 23 4 49 54 15
45 55 39 22 52 47
11 17 1 2 39 28
9 27 51 5 20 6
34 38 2 20 27 23
20 29 15 3 48 28
59 44 20 52 35 45
45 50 49 55 3 47
25 12 52 8 31 35
17 48 23 51 35 3
8 17 33 5 55 22
20 12 13 59 60 45
49 58 36 15 53 56
10 7 47 41 39 57
60 15 52 27 22 38
15 38 27 48 13 46
30 4 45 33 41 37
27 7 39 12 33 4
4 27 38 5 35 3
57 3 47 25 42 48
34 9 18 10 46 29
2 15 23 32 47 6
8 19 38 17 29 7
37 13 31 49 36 46
13 41 11 25 9 14
58 11 21 1 35 41
3 46 51 56 7 22
8 18 30 51 45 59
50 52 14 17 24 60
38 11 40 17 25 31
25 43 3 33 22 55
15 52 48 31 14 35
36 16 43 8 45 37
10 5 11 41 21 29
35 56 15 6 54 58
42 6 52 4 53 23
6 26 32 58 55 29
58 10 50 24 9 19
5 60 45 47 51 25
5 1 2 17 3 56
28 33 57 14 29 53
11 52 1 23 19 55
57 55 47 18 36 4
31 43 39 18 24 16
22 10 4 32 5 59
26 47 22 52 60 10
60 42 26 27 55 37
19 18 49 23 36 40
10 34 5 25 19 57
33 29 52 25 6 31
25 36 32 52 50 55
55 28 3 12 44 13
35 44 41 13 46 36
37 55 54 47 40 58
25 51 43 53 3 46
2 16 52 26 19 49
27 34 11 45 20 39
42 4 21 9 17 11
37 3 59 15 16 54
56 32 34 28 50 15
46 24 12 18 21 22
57 15 53 7 6 44
20 36 52 46 53 2
16 19 15 58 35 17
46 6 8 17 21 34
54 8 48 40 7 45
25 49 36 47 28 13
33 42 40 29 24 13
33 44 21 52 60 23
24 44 3 25 6 36
54 22 30 18 36 52
16 6 57 5 49 32
21 60 1 49 34 33
43 34 53 19 58 50
36 37 29 51 47 7
16 12 42 1 4 57
14 10 31 43 54 5
53 36 15 44 5 41
57 13 41 29 2 34
29 56 44 17 52 46
41 3 14 17 54 7
21 50 5 11 55 32
55 19 58 46 17 42
14 5 40 10 1 60
28 45 12 32 21 52
33 19 58 2 44 31
32 52 22 35 37 60
3 37 56 26 24 21
23 27 50 8 11 32
45 37 57 9 43 31
34 24 44 38 58 36
47 39 3 32 60 18
48 55 21 7 10 37
60 3 14 35 1 53
4 58 13 29 17 56
52 50 42 29 9 4
23 9 48 22 29 37
22 1 9 52 33 31
36 53 44 10 54 45
51 54 44 29 3 1
24 28 42 4 21 10
46 35 30 42 20 23
35 13 46 9 27 12
32 20 10 18 50 55
17 37 11 13 52 9
16 60 12 31 19 58
36 52 32 58 19 41
4 24 3 47 42 33
25 42 13 36 32 9
39 50 12 49 48 53
14 35 38 21 19 50
57 10 43 2 17 36
13 52 32 17 30 22
33 19 27 24 11 22
42 15 17 48 32 45
28 30 50 47 46 12
3 32 29 26 15 18
35 53 47 3 60 12
37 19 50 53 21 59
50 19 8 56 52 53
8 24 21 4 15 42
7 60 51 23 16 34
10 18 7 6 26 30
27 34 14 57 18 58
14 7 21 51 9 24
23 44 42 4 35 28
4 58 14 60 17 22
47 12 59 21 52 39
31 40 6 10 37 44
39 13 27 57 21 59
60 14 2 17 53 8
14 17 2 3 33 37
2 34 15 59 18 36
46 7 36 47 19 33
20 48 32 19 3 46
36 60 19 53 56 1
44 3 43 25 39 38
5 50 10 27 28 58
26 45 41 54 43 31
43 53 15 27 34 29
37 15 34 56 18 28
34 40 15 54 55 60
2 55 30 44 6 59
5 41 2 11 20 52
23 4 6 2 25 44
1 39 58 43 46 50
44 13 34 4 43 45
25 31 17 6 30 15
12 56 5 36 2 8
60 3 32 38 8 30
59 8 34 28 51 20
52 7 15 28 39 1
45 24 35 43 28 8
46 48 41 6 28 39
4 50 58 6 2 52
36 5 3 33 43 16
1 49 21 44 13 34
41 53 11 43 29 30
48 34 13 17 26 42
31 60 46 13 21 25
51 10 54 48 12 41
47 21 25 23 36 45
6 45 29 48 18 22
51 3 50 26 37 30
40 26 11 55 46 19
8 29 54 28 53 34
3 32 36 35 48 31
51 46 26 1 48 43
31 21 2 7 34 42
18 9 7 19 35 30
30 54 49 41 35 38
20 15 13 10 49 57
36 32 2 1 26 47
48 4 34 36 60 11
35 54 46 22 23 1
18 38 20 56 3 16
12 58 33 17 9 4
6 24 18 20 33 56
24 31 19 16 33 44
24 32 50 37 26 59
27 29 44 56 31 16
17 6 37 12 9 46
17 38 31 13 34 21
60 46 33 3 25 54
16 12 30 32 37 15
5 50 11 51 47 49
38 33 37 21 45 13
58 47 20 24 46 41
39 42 8 48 23 56
51 48 41 47 37 20
52 13 20 21 43 24
59 35 21 56 42 34
32 21 20 49 3 7
11 9 24 60 17 37
13 51 34 25 57 56
23 18 36 25 8 42
56 46 58 22 31 6
12 26 31 15 19 24
49 9 51 39 28 19
25 21 53 23 3 35
28 34 56 39 32 20
8 53 31 41 30 18
31 47 23 50 24 39
20 41 19 27 12 16
28 1 47 38 10 54
42 8 40 56 34 17
51 54 24 30 53 25
22 39 28 43 50 3
47 16 55 51 41 5
6 23 10 47 38 16
54 24 37 8 3 56
17 41 51 8 19 4
33 13 35 53 15 57
30 4 24 40 16 51
44 26 38 58 17 51
50 23 44 54 51 34
28 6 57 26 60 1
55 42 30 29 9 56
54 49 13 58 40 4
38 3 56 22 31 21
27 4 8 12 49 42
45 23 11 40 51 29
6 4 21 18 11 28
26 32 35 31 28 13
12 7 24 11 33 18
58 17 46 7 45 3
42 8 46 48 16 40
11 22 31 27 24 10
15 37 41 38 59 24
1 28 51 36 31 8
24 11 29 36 38 19
22 58 60 28 53 5
5 33 19 55 56 48
37 20 9 26 43 11
58 48 55 45 31 30
46 21 32 10 49 48
29 28 55 6 60 21
26 14 52 60 33 9
4 26 3 52 29 6
59 54 28 50 6 55
14 11 10 16 32 15
58 34 13 11 45 12
25 28 33 57 27 56
25 19 58 57 35 37
45 39 5 42 31 56
9 1 34 44 59 60
8 58 59 13 46 42
11 33 54 2 51 46
46 3 19 28 23 11
42 20 46 16 39 60
17 29 10 52 13 11
9 10 43 13 37 60
17 7 40 59 39 45
1 49 42 55 31 14
11 22 5 29 35 13
57 3 18 54 44 58
42 39 54 44 30 56
12 43 56 38 47 4
6 24 57 15 49 30
54 35 20 28 9 17
16 28 31 51 49 48
21 18 25 8 17 54
38 34 39 31 56 21
12 53 44 5 52 38
33 29 35 50 43 47
50 17 26 27 55 25
31 39 22 3 43 49
11 19 39 42 27 53
29 2 34 55 22 56
60 59 12 37 4 10
27 5 16 11 19 44
11 25 37 10 52 48
29 34 4 58 45 10
40 23 28 35 54 29
38 44 18 6 41 48
17 48 41 47 31 13
46 26 4 19 24 25
1 20 10 45 7 6
21 52 9 4 46 51
15 28 52 25 41 43
10 49 24 20 12 36
14 56 15 46 13 32
49 47 19 39 6 57
51 5 34 49 31 57
26 22 59 10 46 6
12 25 3 58 9 27
43 19 39 23 24 1
22 31 29 49 12 59
55 30 8 52 17 43
1 13 54 58 27 26
7 9 35 44 32 54
15 54 28 60 51 19
39 34 7 19 4 48
3 56 37 7 43 11
60 54 41 45 48 16
22 1 4 20 11 38
50 44 18 33 51 28
48 13 25 15 41 47
25 57 33 58 7 60
29 8 13 31 53 52
22 49 21 32 47 16
28 21 29 17 57 42
25 22 6 7 37 5
46 8 29 34 27 31
4 21 30 24 32 49
11 22 28 5 54 8
33 45 59 20 49 6
3 36 6 7 27 25
23 11 46 13 47 1
40 12 27 5 19 35
15 40 14 37 13 5
12 15 49 36 43 17
46 38 5 14 45 16
31 43 36 52 21 5
57 3 38 55 8 44
26 16 29 9 42 51
54 52 46 12 11 45
36 30 12 23 7 5
42 9 23 4 27 41
1 33 35 22 3 32
19 56 50 18 12 20
42 15 21 16 26 30
36 58 42 41 18 47
23 58 37 38 25 11
55 42 16 17 26 24
53 39 35 42 14 57
40 20 37 41 8 53
7 52 13 23 54 48
6 28 30 23 36 38
28 13 60 3 6 52
56 31 57 12 51 13
51 33 19 47 49 42
49 9 13 35 46 14
57 2 50 22 53 43
18 36 52 15 14 32
53 23 40 47 14 1
15 16 36 37 49 12
42 5 14 23 27 1
6 38 12 10 30 59
25 12 54 39 51 40
2 49 26 28 4 55
5 42 13 41 20 4
50 28 6 53 34 30
57 49 46 1 11 7
49 59 24 9 5 28
39 51 50 54 34 5
59 36 60 3 30 52
29 36 8 40 19 45
3 31 29 59 24 46
16 22 4 60 26 42
43 44 42 28 32 6
34 27 41 2 59 57
55 60 26 6 13 57
4 13 14 1 8 43
44 20 49 47 18 6
1 55 2 19 8 3
42 34 46 6 5 7
16 42 27 7 4 29
10 26 33 51 19 44
52 31 18 55 59 36
18 59 29 60 34 38
30 57 38 28 43 11
10 7 44 56 31 32
14 17 22 12 25 9
53 31 49 23 44 48
37 31 14 45 51 11
37 16 31 45 47 13
17 19 15 30 57 28
34 13 27 4 10 21
15 2 53 48 21 45
36 54 41 27 56 38
24 51 28 54 57 6
50 34 19 59 5 26
56 29 44 53 30 54
10 44 38 13 18 60
60 10 49 57 11 59
36 60 32 46 5 45
4 38 19 28 17 53
13 58 9 22 60 6
5 56 20 35 45 30
47 41 27 25 7 51
44 15 53 48 24 35
7 37 43 27 53 51
10 30 40 58 59 35
36 25 43 60 45 21
60 42 12 58 33 45
47 48 3 1 59 31
29 25 60 56 32 42
53 44 19 40 28 38
46 39 30 29 43 55
11 5 59 17 10 19
16 21 23 19 45 32
54 49 50 41 43 21
27 21 10 45 12 2
43 18 37 2 41 17
15 35 1 7 36 48
28 57 17 26 46 18
44 18 54 11 5 40
44 32 51 47 28 9
12 14 55 15 19 4
20 2 35 50 32 26
33 51 7 23 59 38
28 22 19 38 20 59
30 34 31 52 13 24
56 57 1 52 21 11
49 43 40 41 3 57
28 11 15 34 26 13
31 10 7 17 27 39
1 17 13 37 48 60
53 19 5 38 7 54
4 19 56 7 12 24
40 9 50 37 28 35
1 25 30 16 26 28
24 59 29 44 60 41
53 31 27 59 4 39
16 46 31 54 27 48
25 2 8 41 34 40
22 31 47 10 14 13
20 4 33 14 27 36
28 58 53 18 32 31
6 14 51 1 46 56
10 39 54 44 15 20
42 11 35 59 20 15
3 38 52 9 36 23
18 8 54 16 50 32
41 22 53 46 28 47
57 40 37 22 34 44
23 10 3 24 13 7
46 25 54 41 24 56
21 17 11 39 26 7
28 26 54 49 35 18
5 19 34 60 38 54
11 27 24 48 30 5
59 8 12 56 10 41
54 14 32 37 42 33
18 54 32 15 52 4
5 60 51 25 27 34
6 37 40 20 14 32
22 43 15 49 41 5
58 15 7 8 53 32
32 53 19 17 13 52
20 38 26 1 41 57
41 45 43 34 14 5
12 39 27 60 7 11
38 54 59 21 6 34
15 41 50 21 37 40
42 34 23 16 5 24
48 21 32 28 53 1
11 18 58 15 56 43
22 44 60 59 19 1
38 51 25 30 14 47
2 53 48 44 54 19
2 1 55 11 57 4
16 5 4 3 24 27
54 55 51 57 17 3
5 56 42 38 17 29
54 29 15 37 32 44
36 54 27 51 45 24
7 22 53 1 2 21
14 29 37 30 58 17
43 41 10 56 39 52
55 30 12 44 54 43
46 54 2 18 37 26
35 50 5 29 1 13
33 43 55 22 42 37
49 59 33 45 8 52
1 34 12 30 26 15
37 49 50 17 19 5
9 24 49 56 35 13
11 33 51 12 37 52
51 33 12 16 1 4
35 38 34 11 19 7
59 51 23 2 32 47
4 17 46 31 9 35
24 40 22 6 29 30
58 22 28 36 41 53
15 26 33 41 20 14
32 3 7 36 23 48
24 39 23 55 59 26
58 60 16 41 35 30
22 39 47 45 2 24
4 35 24 49 23 7
34 23 53 12 11 25
7 16 25 51 41 19
10 3 37 42 2 18
2 60 28 13 50 4
35 3 10 1 36 27
20 26 34 48 7 59
12 44 20 15 49 1
55 21 49 41 50 34
54 55 53 57 50 52
57 30 58 25 32 59
36 52 41 11 47 12
20 41 4 7 54 58
41 38 26 34 46 2
57 58 2 7 20 6
48 17 33 46 25 56
53 5 12 47 54 4
11 23 6 41 51 9
10 43 1 35 28 53
41 55 48 32 34 36
32 42 47 57 28 34
54 32 9 35 33 59
31 42 22 43 6 16
25 55 33 11 51 54
53 13 15 17 12 37
58 49 34 29 4 15
18 10 40 59 28 44
51 3 17 24 50 60
2 38 4 41 51 53
33 21 32 38 2 56
60 37 13 6 43 39
7 11 43 36 52 31
40 54 49 38 14 31
11 13 19 45 4 35
20 42 48 10 13 49
18 4 56 39 30 6
2 46 5 53 39 30
3 31 60 59 54 17
52 32 55 15 6 38
38 59 20 32 54 37
58 18 2 36 24 21
42 11 7 57 9 47
4 52 46 49 32 25
10 46 45 2 8 16
56 19 18 16 35 28
54 21 15 8 41 33
19 40 27 31 30 16
32 3 49 6 46 19
20 12 27 18 4 22
10 22 3 29 46 37
22 1 44 13 57 11
15 18 28 33 35 40
33 59 5 49 50 12
12 30 7 1 53 48
48 15 18 57 12 47
54 11 5 53 58 41
38 26 50 54 3 49
51 52 8 38 6 33
21 12 44 29 5 56
19 3 33 17 58 29
52 57 58 28 55 4
54 60 21 56 10 27
40 48 54 19 30 8
60 8 44 32 18 4
55 2 40 13 51 58
23 16 30 17 9 29
35 23 48 18 27 19
26 24 23 42 45 39
57 3 50 51 39 27
20 38 12 17 46 27
28 21 9 58 40 56
27 17 52 60 7 16
34 26 60 3 59 41
5 52 58 48 8 55
25 45 1 51 37 52
31 8 27 23 38 1
9 26 5 18 6 10
2 12 8 33 10 3
52 47 20 37 17 35
36 56 18 31 52 51
57 13 6 44 60 42
57 2 9 35 37 8
37 53 5 29 50 15
57 25 6 54 5 21
1 46 6 48 49 18
15 54 55 39 11 36
35 14 56 3 58 55
33 46 11 20 41 55
11 19 37 45 49 35
36 16 49 7 18 40
18 28 26 36 11 52
14 42 4 50 10 29
46 53 32 56 1 22
14 18 13 53 29 39
35 16 14 18 25 6
50 37 52 20 56 21
46 32 12 38 58 33
35 53 19 39 43 28
17 20 9 13 4 53
3 47 26 50 49 15
52 6 3 21 16 18
18 29 22 2 50 44
5 11 34 27 15 12
4 22 2 37 34 48
37 4 38 60 54 50
38 17 5 60 50 57
31 23 45 48 8 49
43 2 9 3 39 17
40 12 36 51 60 37
21 48 24 56 11 23
14 46 31 17 49 11
11 6 41 46 39 30
23 34 16 13 10 4
26 57 53 31 3 55
58 45 49 37 2 52
20 54 43 9 10 16
15 47 54 5 51 27
49 36 51 15 27 37
42 21 26 2 3 22
59 3 41 49 18 58
44 26 7 22 9 30
44 58 11 28 36 7
57 1 26 48 20 31
34 9 54 27 4 48
37 39 51 35 56 43
10 59 30 23 29 52
12 5 10 47 9 40
33 4 13 60 51 41
11 24 29 34 38 23
31 23 2 58 13 14
43 24 31 30 58 18
38 13 32 10 51 48
40 38 25 51 46 57
47 39 26 29 28 40
37 19 60 12 17 49
21 23 11 8 10 35
36 26 4 16 35 6
44 38 47 46 20 29
35 14 40 9 34 26
45 40 6 39 23 59
9 20 39 23 48 11
48 50 43 23 12 20
48 24 22 46 12 18
13 38 36 60 7 52
37 22 12 20 42 36
1 25 35 41 11 45
1 53 42 20 48 31
29 1 49 27 31 44
38 23 30 50 53 55
53 48 25 51 22 24
25 13 28 60 10 45
7 47 29 19 27 44
3 36 14 56 60 47
57 47 50 56 34 27
57 20 43 16 10 27
10 27 1 48 56 60
39 15 17 28 55 37
58 9 54 33 40 44
37 3 38 1 29 13
39 43 26 55 50 17
14 47 58 11 1 4
26 22 16 1 2 44
34 21 60 40 30 39
23 40 39 27 9 49
36 8 54 26 25 11
56 57 50 7 51 6
50 2 8 31 53 14
34 39 45 8 41 14
30 9 23 43 58 55
29 41 53 42 20 25
12 46 53 43 16 52
43 1 8 25 13 34
5 10 8 44 38 21
15 31 39 45 33 56
31 4 43 22 40 16
38 13 46 29 55 40
36 41 24 45 11 10
50 8 56 11 3 17
4 38 49 23 29 31
26 23 54 44 59 22
54 5 17 16 13 33
6 2 1 60 29 3
24 52 17 26 44 11
38 42 20 19 28 60
42 60 41 13 39 29
33 18 60 30 48 51
48 26 49 29 25 6
42 23 11 28 43 30
43 40 4 14 50 17
47 7 26 12 31 39
26 28 17 44 24 33
1 40 4 39 59 45
20 3 7 47 49 14
43 60 23 29 44 33
50 15 37 45 49 19
18 1 24 49 60 25
36 35 23 29 3 2
11 21 8 46 15 7
43 41 33 50 45 24
31 17 57 32 58 28
37 17 9 59 51 58
11 46 14 15 19 5
56 39 14 29 16 31
10 26 3 42 31 52
54 12 42 8 20 16
36 16 44 57 55 34
32 25 55 14 36 3
58 6 45 34 30 28
54 52 50 10 59 41
21 36 2 30 12 50
1 57 60 27 49 15
51 58 41 39 9 8
21 52 6 58 56 32
3 13 25 40 24 49
51 59 53 34 8 24
45 35 57 51 34 48
23 39 25 47 20 51
34 41 14 12 36 18
38 18 42 13 10 29
6 21 45 38 26 52
13 7 44 54 6 19
13 45 46 33 9 8
48 56 16 29 14 26
11 8 22 21 58 17
1 15 4 23 8 17
18 38 36 31 52 46
41 23 22 4 10 56
30 22 59 55 34 1
58 22 25 10 9 8
22 49 60 59 26 6
46 28 9 26 34 42
56 27 9 48 12 3
7 28 32 42 33 41
54 28 10 18 37 32
10 25 4 46 28 58
38 22 41 11 7 34
37 26 47 46 60 7
59 35 38 49 26 52
26 10 5 42 52 9
36 34 19 60 2 35
17 40 32 14 9 37
28 2 40 1 32 22
55 9 2 43 42 54
7 25 31 46 56 5
16 10 27 42 2 50
46 17 20 22 57 34
12 32 31 34 13 29
14 19 21 16 5 32
35 51 8 6 14 24
36 45 49 8 13 39
29 31 2 51 18 48
18 11 14 59 42 60
2 42 21 12 33 39
11 50 7 2 1 57
59 29 28 3 52 21
58 50 17 54 13 7
40 57 60 32 14 3
33 11 54 48 7 36
5 49 59 45 7 39
56 50 25 19 31 10
43 58 54 21 27 7
15 46 37 26 49 35
4 20 35 12 55 11
27 60 39 47 20 49
57 52 10 27 38 46
44 12 28 16 7 53
57 2 8 58 47 32
46 32 12 26 39 14
20 28 32 54 6 29
34 53 10 6 20 50
3 54 28 43 59 52
47 12 42 60 28 8
38 52 40 24 15 21
40 33 22 39 21 37
59 7 51 53 25 15
38 5 23 37 49 28
33 37 53 42 44 25
53 59 57 6 46 43
26 12 36 37 15 51
40 13 42 52 12 55
14 4 40 2 50 51
15 49 11 38 18 3
40 31 60 7 48 35
15 17 53 47 55 9
4 31 39 30 25 47
47 24 56 22 1 20
56 30 3 26 44 36
32 21 8 26 19 51
23 55 16 39 1 53
24 1 48 50 13 53
54 12 40 9 2 1
38 11 17 46 13 8
55 53 12 49 19 52
43 1 36 47 17 11
55 58 7 45 49 23
20 3 22 2 29 54
16 2 60 12 53 57
23 55 3 25 14 56
26 41 53 25 42 1
46 20 13 56 37 15
5 9 2 15 59 24
8 39 32 40 24 2
54 6 19 24 4 41
47 16 39 36 9 10
27 29 23 13 25 17
30 52 50 28 4 26
23 59 27 33 22 35
10 54 15 24 50 46
42 40 57 46 41 43
3 19 37 36 34 46
51 26 23 53 22 25
10 39 25 55 57 31
17 19 42 6 9 25
15 57 32 51 41 8
26 7 13 58 8 12
37 9 51 19 23 60
17 55 35 25 37 15
28 57 33 6 59 50
59 7 37 49 15 36
8 15 43 34 24 41
27 36 48 12 54 55
25 8 45 17 57 21
50 4 7 18 28 27
14 28 30 32 50 5
27 57 42 53 20 55
18 31 37 58 39 34
40 17 11 22 60 14
60 49 32 57 3 7
13 30 47 36 12 32
52 5 27 47 60 12
39 32 2 51 60 48
25 38 34 50 60 53
5 22 24 57 42 6
47 51 9 59 2 57
56 41 36 8 1 17
55 4 16 32 31 22
38 44 42 43 49 29
1 24 11 32 15 59
48 21 19 23 1 55
51 33 5 43 8 39
4 37 42 19 60 32
4 43 28 39 25 57
42 49 27 47 23 48
58 55 19 40 11 14
42 36 15 19 25 39
3 33 15 30 36 34
24 4 50 5 35 8
50 32 36 43 11 25
27 46 18 30 34 25
8 1 24 23 49 40
16 59 27 3 6 46
45 20 32 53 30 44
47 53 43 32 44 26
4 34 51 2 41 44
60 26 58 16 22 24
41 14 21 56 48 1
38 29 53 5 50 40
33 17 9 59 28 4
45 59 15 48 20 42
21 13 24 1 8 59
31 19 38 3 22 42
35 39 20 41 14 16
15 50 12 29 11 53
43 46 50 41 14 34
42 28 7 29 33 20
34 32 56 8 24 36
15 45 43 22 52 6
50 41 45 9 24 14
34 25 55 52 2 59
24 14 2 50 8 28
49 57 42 48 23 36
45 32 57 41 43 1
5 26 38 33 29 27
9 37 56 27 48 32
